0.38763988
0.30508983
0.23667996
0.33823314
0.23870485
0.3341743
0.31101304
0.23800641
0.25041178
0.20656937
0.2670877
0.24866562
0.4110685
0.3532749
0.32790315
0.18629777
0.35939193
0.27112153
0.28956857
0.20107757
0.19302313
0.21821883
0.26543424
0.21919382
0.29421058
0.22378498
0.29283622
0.3644762
0.19628677
0.33139867
0.25048494
0.19468945
0.22372948
0.27241266
0.26511338
0.3274824
0.21973331
0.2300035
0.30122998
0.31201157
0.3066443
0.32585078
0.31267998
0.27958396
0.23087592
0.31564736
0.34371224
0.22148389
0.26506406
0.1919976
0.30566937
0.2995483
0.3111632
0.31655258
0.19989032
0.2833718
0.36838916
0.30295712
0.20398238
0.24949162
0.25909624
0.31258848
0.3282585
0.3332685
0.2183956
0.29175758
0.205258
0.2838214
0.35503647
0.33226413
0.30239478
0.26510206
0.25468004
0.16452621
0.38492852
0.26051894
0.2262343
0.31211776
0.25732803
0.27125874
0.32408533
0.27942386
0.36539072
0.20924069
0.2962794
0.30421916
0.22278693
0.2744398
0.3003438
0.22392008
0.29946083
0.19423196
0.21718563
0.29859892
0.18430403
0.3178629
0.2966973
0.30054975
0.22949052
0.25476506
0.2641827
0.20630085
0.32569492
0.22795177
0.2630162
0.17610358
0.31896302
0.1897239
0.1730754
0.34288406
0.27122808
0.20520762
0.2821181
0.17715257
0.2889317
0.16354334
0.2301994
0.23580238
0.31392825
0.23936781
0.36265337
0.27132997
0.36674267
0.25831467
0.26739043
0.29322916
0.32870346
0.24976571
0.3039653
0.27170134
0.3126624
0.297147
0.28556427
0.29578283
0.1843397
0.17682365
0.2406576
0.30343112
0.2641185
0.31604183
0.38503793
0.24129932
0.27511936
0.30077264
0.2673244
0.27625087
0.26843935
0.21784274
0.26144055
0.19615774
0.20684397
0.2416624
0.38679945
0.2385355
0.28794545
0.34456837
0.3493776
0.22507338
0.2100853
0.25801215
0.27112743
0.3906183
0.29294303
0.30734318
0.19334292
0.25216275
0.25816613
0.35449338
0.20536022
0.28566486
0.40701696
0.2736451
0.22630394
0.37804
0.2158669
0.39114007
0.2740227
0.40356326
0.18553565
0.29992455
0.20706454
0.3165727
0.23307243
0.1601771
0.23252891
0.29658103
0.26465246
0.31675354
0.20344435
0.30038556
0.21603686
0.26308
0.37709466
0.2150724
0.38230202
0.2584289
0.24790235
0.31008428
0.28002587
0.24473293
0.22114675
0.18858965
0.17837857
0.29120687
0.23993176
0.35321492
0.39536542
0.36294484
0.32094985
0.28814605
0.22586587
0.25784215
0.2986255
0.29077405
0.30261186
0.23186612
0.2596715
0.19639905
0.2744814
0.23154464
0.30490035
0.30474696
0.23095901
0.29499376
0.3144383
0.27172005
0.33940852
0.17804316
0.19395024
0.33494636
0.26862794
0.26847294
0.29443786
0.182845
0.26791984
0.3891469
0.2883197
0.23506394
0.28858528
0.2669976
0.3011916
0.2960252
0.20931049
0.26254427
0.24596658
0.28630006
0.2902167
0.16769496
0.1966966
0.31155235
0.2508835
0.21233033
0.2091177
0.32173157
0.25298852
0.28299934
0.2924565
0.32842028
0.19947629
0.36215407
0.2713186
0.27362815
0.23705402
0.2487054
0.1642519
0.30721354
0.16458441
0.31619215
0.2146198
0.3164069
0.3400653
0.31742597
0.20572421
0.18946412
0.22056048
0.19456474
0.30311635
0.3644369
0.3637281
0.33396792
0.1823538
0.30462387
0.16766885
0.20849921
0.1797795
0.25666326
0.30509663
0.17381282
0.32299098
0.33564872
0.16651896
0.33342582
0.28072315
0.30042875
0.21445777
0.2787649
0.22832426
0.17062356
0.30078682
0.20601322
0.21815358
0.35650355
0.23987418
0.3426023
0.29585028
0.2726702
0.20776525
0.35901806
0.23849219
0.31267604
0.34657946
0.2294
0.3057729
0.33071208
0.34212726
0.32746494
0.23509975
0.36527842
0.32322752
0.38842216
0.24044085
0.33513182
0.29284006
0.24766713
0.19634399
0.2325721
0.33409044
0.24685739
0.19442412
0.18867378
0.2503816
0.30740845
0.20257112
0.19649108
0.30375123
0.191508
0.33713683
0.25084344
0.2801721
0.3086193
0.22671372
0.36092353
0.31664073
0.2265574
0.18607324
0.20235673
0.2287608
0.32059413
0.23873676
0.19897263
0.3022406
0.25971013
0.23905881
0.3318829
0.2744689
0.2247894
0.34156385
0.31414935
0.20221357
0.33527806
0.30865616
0.21847473
0.31450447
0.27323875
0.2975129
0.29667822
0.29397163
0.30583173
0.17828462
0.2998886
0.22605817
0.28565148
0.20803392
0.268341
0.21905163
0.26562303
0.17429516
0.19304158
0.30373698
0.17025085
0.2578606
0.31735557
0.20743673
0.34565797
0.2577793
0.27545944
0.2543817
0.2643255
0.29664502
0.20096064
0.2526929
0.26241773
0.31845805
0.2448869
0.3065058
0.3516307
0.31713906
0.23418568
0.3304865
0.2284883
0.29513997
0.26226544
0.28028163
0.18440928
0.34956747
0.28740987
0.20286451
0.2562224
0.2405656
0.25261045
0.2615656
0.352895
0.3845647
0.26981625
0.31406265
0.31517294
0.29511532
0.20526923
0.24373454
0.27959538
0.17918423
0.23870745
0.2864055
0.20887893
0.24673152
0.24741769
0.20903292
0.2874375
0.2523668
0.312645
0.19783348
0.25931063
0.2548005
0.31788537
0.29226193
0.19039473
0.2276189
0.23698774
0.17915297
0.3728124
0.33176443
0.2190944
0.29183924
0.34409076
0.20018229
0.24126202
0.31140643
0.22241965
0.28770676
0.2597521
0.20470737
0.3449845
0.3715221
0.21654834
0.17164062
0.26626375
0.22178133
0.23072717
0.24658169
0.25563473
0.27830973
0.27689296
0.35650358
0.25418186
0.18591526
0.301958
0.31824467
0.37521604
0.22594164
0.32206076
0.2663019
0.25367883
0.3985424
0.17665738
0.2441716
0.2556648
0.3244695
0.30128318
0.19412963
0.22402246
0.20161623
0.24987398
0.3129989
0.26942027
0.3407204
0.2000162
0.38556263
0.1859541
0.19249496
0.27774262
0.2762484
0.19526371
0.28505948
0.25720817
0.28060153
0.33388066
0.31295043
0.19592518
0.28070146
0.18264526
0.27706274
0.16155058
0.20005499
0.3509161
0.3454452
0.36809742
0.30382013
0.21228589
0.31392184
0.18936187
0.24123918
0.2188112
0.27487794
0.3443139
0.34780023
0.30329537
0.18103428
0.33289263
0.20991224
0.21476819
0.33405128
0.22255708
0.26887208
0.3245191
0.19452557
0.3247136
0.29539078
0.43178934
0.18102928
0.31062177
0.40929145
0.20375273
0.40883484
0.24248643
0.29343423
0.26780397
0.23885155
0.27966544
0.24612497
0.32731992
0.2764716
0.189634
0.32607672
0.2294211
0.20212103
0.22580937
0.23631807
0.23217559
0.2984962
0.2359624
0.34753945
0.22529913
0.27102876
0.27021873
0.17583287
0.21778391
0.36447707
0.21618064
0.20697826
0.31231785
0.24655995
0.3735729
0.3254632
0.24749845
0.2253095
0.26971343
0.31556836
0.3299301
0.21838365
0.42726174
0.2778798
0.24031557
0.35667804
0.32039914
0.2699422
0.35360184
0.23798934
0.2753111
0.23075157
0.33392668
0.38272172
0.25325122
0.1927532
0.29260826
0.39063692
0.23547648
0.33552122
0.20066206
0.32990557
0.33949032
0.32571113
0.3272621
0.27310976
0.30278763
0.23286678
0.28500593
0.30622205
0.20525348
0.22132629
0.22956704
0.23578003
0.33711126
0.32872698
0.22327715
0.2359595
0.2238897
0.23249422
0.19657469
0.30516708
0.21993202
0.26903826
0.27617693
0.2690997
0.29920962
0.4498875
0.18102789
0.30560705
0.2466521
0.35690442
0.22295912
0.19306667
0.19593565
0.23958753
0.2110933
0.32533997
0.29872474
0.22569211
0.28172618
0.30438045
0.2547165
0.29053292
0.19095333
0.29066917
0.34485418
0.21647197
0.25773168
0.396361
0.212362
0.28584328
0.19587994
0.35511303
0.27476385
0.2668828
0.3174036
0.19736247
0.29986805
0.22530615
0.32838705
0.33587253
0.3719823
0.2227368
0.29669008
0.17350008
0.3371983
0.190389
0.26007384
0.349271
0.28186706
0.2751483
0.36348054
0.2803108
0.27398425
0.3105488
0.33799896
0.31168807
0.30575207
0.24632388
0.2161423
0.24805441
0.28427717
0.25271162
0.26080987
0.3247261
0.27452725
0.20713186
0.28645042
0.2917844
0.3203377
0.29631823
0.27066794
0.2771855
0.16324915
0.27337825
0.19836485
0.22504975
0.23994897
0.21639128
0.21806043
0.33563274
0.30337948
0.23204489
0.26067665
0.3283086
0.31754217
0.24609008
0.25308767
0.16614884
0.2156096
0.33213842
0.1670613
0.2674462
0.30721694
0.39973843
0.23439294
0.22649236
0.3024352
0.28051442
0.24439117
0.32484677
0.2726652
0.3276696
0.39356747
0.34415516
0.34645623
0.20955889
0.27770668
0.23538329
0.25994787
0.2941452
0.29034588
0.29900414
0.276047
0.29666087
0.29040366
0.30140355
0.20511249
0.2270325
0.3178224
0.20629497
0.26886982
0.33655465
0.30268595
0.33209547
0.22741391
0.27202532
0.36178714
0.18258312
0.33727378
0.1704479
0.3023582
0.34044376
0.16174032
0.23669688
0.34466422
0.2524198
0.27178392
0.341412
0.2126672
0.32501614
0.21674532
0.32270885
0.22939107
0.21682058
0.19429658
0.21165612
0.16254117
0.3521723
0.29138204
0.2380899
0.17386177
0.27391067
0.23386098
0.15355875
0.2800512
0.19117336
0.30409512
0.27063122
0.19530724
0.2883287
0.25585347
0.29556528
0.2918182
0.3194052
0.27689368
0.2550011
0.33189827
0.28066626
0.22622266
0.2633336
0.24400513
0.23146312
0.3679034
0.28653616
0.25654295
0.21890658
0.20581068
0.29091984
0.28493148
0.2050892
0.26030472
0.2535712
0.3363055
0.38384593
0.2478867
0.3207287
0.25453082
0.3841196
0.2585732
0.21092269
0.3273455
0.16349022
0.29274756
0.29989406
0.27128264
0.26204178
0.3061058
0.21448185
0.32057416
0.29015148
0.3563113
0.23479241
0.23818807
0.26456073
0.3096888
0.2791489
0.39645693
0.2743463
0.30983278
0.31096876
0.2553443
0.19161466
0.21127258
0.18129332
0.2387324
0.24998006
0.2793859
0.19496791
0.1703386
0.1801699
0.19723807
0.35094967
0.24532662
0.29645377
0.36873743
0.33590153
0.2482838
0.23066935
0.2501048
0.30455452
0.30996516
0.190451
0.29886284
0.30309388
0.30788535
0.24070343
0.18846963
0.17626132
0.28437546
0.30109325
0.2593652
0.30958176
0.3016467
0.3325345
0.28269336
0.22555855
0.34386486
0.23954396
0.2294414
0.23940061
0.24071285
0.26360047
0.32897344
0.1939887
0.21973988
0.34014076
0.22983076
0.32148802
0.23985614
0.2892831
0.25128826
0.2196322
0.32133618
0.19837293
0.30577764
0.31472766
0.27674115
0.3597193
0.1890763
0.25197375
0.20940991
0.18706365
0.32867268
0.2281763
0.35277054
0.2279472
0.2558937
0.29901406
0.21616921
0.27339962
0.35094866
0.1953855
0.32331386
0.22191852
0.24903151
0.19311656
0.2925831
0.21225218
0.25565135
0.25920337
0.21642473
0.24695465
0.262721
0.24734025
0.30831152
0.21183473
0.38362113
0.2921886
0.27287874
0.300758
0.231329
0.30230975
0.21851023
0.18256733
0.29758316
0.29386708
0.2708987
0.23344992
0.3096916
0.32599342
0.22693732
0.4148277
0.22834544
0.18208337
0.26830062
0.21184143
0.1921582
0.27727035
0.27170047
0.17570958
0.29586047
0.28967503
0.30780435
0.19250362
0.22685418
0.27890927
0.318085
0.29146972
0.25461242
0.26811326
0.2679265
0.21421798
0.339939
0.18078789
0.33718294
0.30163696
0.22849599
0.28337297
0.25576857
0.2655831
0.26629528
0.28198794
0.38445374
0.19464065
0.29173493
0.29682967
0.32632855
0.24226873
0.20926273
0.2199682
0.22779937
0.25692686
0.34545672
0.25418377
0.23434167
0.19854951
0.23754455
0.18835509
0.31570157
0.33264208
0.3403571
0.18310782
0.34917337
0.24048051
0.2687632
0.2491376
0.2337692
0.2828092
0.20438348
0.20919602
0.36614826
0.3100364
0.20957486
0.3169197
0.20076358
0.23371361
0.2678984
0.26238233
0.37203777
0.3024744
0.26575902
0.19602625
0.21624674
0.19974695
0.21779014
0.20253465
0.2490064
0.29585004
0.19426921
0.14898603
0.23089808
0.3045179
0.24331352
0.25871086
0.2936372
0.18349981
0.30331975
0.23517391
0.19764891
0.20174873
0.28111416
0.2134233
0.2378374
0.27028224
0.32202536
0.18386485
0.23000143
0.41427672
0.18696024
0.23639713
0.19635595
0.19684252
0.25693175
0.3300072
0.2878665
0.2368206
0.29065236
0.27752474
0.29821527
0.27174327
0.34296793
0.36401024
0.23372212
0.29297885
0.33620384
0.26914355
0.3357851
0.26188326
0.24267879
0.20404033
0.27493912
0.19782555
0.15909919
0.22838578
0.29478335
0.21882945
0.22663496
0.3016798
0.22582763
0.26425993
0.20856345
0.25413698
0.2932211
0.17134671
0.2449118
0.23345684
0.23264942
0.1784019
0.3588969
0.21512929
0.22042812
0.30139667
0.20285055
0.2109308
0.27493602
0.2195869
0.25780922
0.27834845
0.2698248
0.32724896
0.33645943
0.33558038
0.24141368
0.17072812
0.24022684
0.33567503
0.33782643
0.22822618
0.29589173
0.31486157
0.22581485
0.34323424
0.33342648
0.22018565
0.27290967
0.30788597
0.23446691
0.2577677
0.36803287
0.1924483
0.22727974
0.24432096
0.21257219
0.26763207
0.3052887
0.23652777
0.28862545
0.20846152
0.27870092
0.25933337
0.26742905
0.21953368
0.21829267
0.3567731
0.33108467
0.1918159
0.3507516
0.17822324
0.3075157
0.257868
0.3061529
0.22841159
0.2046922
0.28476435
0.24150294
0.2364098
0.28935325
0.24230511
0.2645927
0.20909412
0.26397583
0.2082709
0.27140182
0.34356254
0.19008636
0.34271875
0.29113987
0.2677572
0.34732586
0.15954363
0.19565302
0.29322025
0.2669762
0.35161725
0.2009882
0.29592192
0.2888266
0.27677274
0.33661565
0.20189203
0.28436932
0.21507427
0.29742852
0.30056563
0.2106641
0.34963
0.35584316
0.2545255
0.24373874
0.24674846
0.2687969
0.23150793
0.2049645
0.31104907
0.2794393
0.2673815
0.18461917
0.44852117
0.18837617
0.29783693
0.2496878
0.26066
0.19709519
0.25503194
0.17285982
0.27360672
0.24966277
0.4312354
0.32742313
0.29226476
0.26792982
0.27168828
0.3265756
0.23573805
0.232238
0.28893995
0.3500519
0.20885274
0.23449233
0.176572
0.42133948
0.16436642
0.29272246
0.33088946
0.1948785
0.36549798
0.3125493
0.31315348
0.3529018
0.34874988
0.3024615
0.23508991
0.2935921
0.23362862
0.2791563
0.3023128
0.18770029
0.26568076
0.2562602
0.3758018
0.25922707
0.253373
0.36588424
0.2418346
0.2854117
0.2696666
0.2628382
0.32127538
0.24162911
0.1820831
0.16988072
0.37412754
0.22401983
0.27096078
0.34133226
0.27809435
0.22675303
0.2776096
0.3027977
0.38221735
0.33091044
0.35807317
0.34676582
0.29603115
0.25427055
0.25382137
0.25976917
0.27046177
0.19527954
0.3051576
0.2547641
0.35039446
0.23153338
0.27496234
0.241891
0.19076867
0.28756544
0.22480948
0.29029042
0.3461713
0.35823727
0.29816505
0.2722543
0.24198638
0.26387933
0.31355274
0.31603834
0.213777
0.30505806
0.20845667
0.32341653
0.33549306
0.34622568
0.26275003
0.20503521
0.1841406
0.24363658
0.31912196
0.24511968
0.34293327
0.26649338
0.24358658
0.1948853
0.19026983
0.2382988
0.3269483
0.38310453
0.18791494
0.19554438
0.30639252
0.22971874
0.31245062
0.24577671
0.3138831
0.16320226
0.22219226
0.18368922
0.33698937
0.21948911
0.3678448
0.2135217
0.34727517
0.26593763
0.24044403
0.3345898
0.2593218
0.3007095
0.29741722
0.25187665
0.22008123
0.3830377
0.3157747
0.32910004
0.2533198
0.35124117
0.26261207
0.24887343
0.25141135
0.282489
0.22275785
0.3097352
0.28982884
0.2636811
0.2263686
0.35813877
0.17665316
0.2516365
0.27503592
0.28096727
0.23991926
0.3070137
0.29165626
0.26673412
0.19032192
0.2027923
0.30579737
0.30869403
0.19525774
0.19040278
0.26742098
0.38073206
0.2923684
0.1863759
0.19461651
0.30029604
0.31193244
0.35245326
0.33308837
0.19279735
0.22162257
0.28359595
0.18159513
0.3121967
0.2916502
0.2602122
0.24518776
0.27452087
0.22591308
0.17775568
0.32962656
0.34455055
0.2816966
0.20208023
0.22558796
0.33962584
0.29476205
0.35491374
0.2577454
0.21838403
0.25550455
0.29739374
0.19274168
0.3103833
0.20745656
0.26365125
0.25706235
0.32054695
0.2886755
0.28733075
0.22302504
0.23729491
0.3065035
0.36610982
0.17232628
0.19413616
0.2941004
0.3384474
0.31408578
0.35687798
0.20909981
0.26698646
0.21993569
0.30155948
0.39469644
0.27468288
0.27823544
0.24740121
0.19406737
0.2703839
0.2705995
0.26338208
0.22011404
0.18932922
0.19229616
0.20987839
0.27078283
0.22605385
0.31339765
0.24028724
0.34551147
0.253249
0.24060208
0.2282962
0.27377027
0.19779809
0.2063348
0.27991995
0.20879647
0.35694742
0.35909122
0.19989815
0.29147628
0.36018255
0.24990971
0.3174041
0.25230786
0.3610139
0.23109944
0.20737363
0.26811808
0.23343687
0.41848767
0.2103902
0.38135263
0.25898063
0.28588346
0.27329126
0.26938608
0.28475988
0.2868775
0.26098552
0.18065771
0.29327443
0.21826327
0.25140992
0.17303304
0.3312761
0.25562805
0.21256617
0.29622772
0.30842686
0.22753163
0.20955232
0.20171554
0.20301956
0.25179273
0.23011011
0.18723884
0.24068367
0.26190734
0.28028658
0.39239162
0.21401319
0.28756124
0.20407358
0.27551773
0.22948517
0.27043512
0.28474808
0.2701717
0.2542042
0.28483546
0.2553838
0.385657
0.21717986
0.30117658
0.23525847
0.3353513
0.46033305
0.24659441
0.27641636
0.23593855
0.30510843
0.18232025
0.20861575
0.29995337
0.3665718
0.31074816
0.27458405
0.24344657
0.2547744
0.29490075
0.18200861
0.27664495
0.2802288
0.24245724
0.24930374
0.3062159
0.26547775
0.3061479
0.37484014
0.28365391
0.2783392
0.26946497
0.28347456
0.292716
0.23902494
0.27677143
0.323707
0.29079062
0.19296926
0.31837568
0.24988948
0.3644229
0.22461289
0.20150983
0.28565675
0.28472415
0.18245147
0.36199027
0.31878355
0.29520637
0.28758875
0.2860084
0.29533052
0.16869116
0.1718416
0.31311467
0.22637507
0.27590004
0.16706449
0.26191095
0.27578613
0.3175541
0.16007474
0.27595696
0.19886683
0.22284678
0.34412035
0.2705463
0.28076112
0.2228277
0.20635015
0.33111572
0.22812119
0.1751971
0.2788477
0.22111626
0.25553373
0.22202417
0.17728142
0.27175662
0.1881175
0.26386806
0.31460494
0.23330948
0.26000568
0.24763685
0.24640428
0.33860546
0.22935073
0.2864585
0.18402478
0.27021137
0.23748766
0.25996572
0.1947976
0.2772684
0.26687953
0.21175283
0.25515494
0.278925
0.24565269
0.37010026
0.19189358
0.31558987
0.20587067
0.2638062
0.28003556
0.22772141
0.30144882
0.257117
0.34681368
0.19086596
0.16992259
0.25118178
0.2173628
0.22353765
0.28736904
0.21038567
0.16109337
0.24879839
0.24900028
0.2678204
0.3120146
0.16270117
0.23918979
0.21954423
0.31839055
0.25005057
0.2547754
0.23536682
0.22052218
0.24436855
0.26973203
0.24320194
0.21828169
0.40347266
0.36093274
0.20601146
0.36483815
0.18837051
0.34473333
0.35075387
0.20829801
0.40823263
0.18828039
0.2240346
0.3271288
0.18371196
0.2924895
0.1701269
0.23444252
0.30423805
0.23693477
0.37360322
0.27505758
0.26609632
0.38669917
0.25233155
0.31924605
0.26728988
0.30126396
0.28337607
0.29198048
0.31490734
0.13054639
0.4055704
0.16582187
0.2431168
0.2851077
0.34092215
0.29539523
0.17760701
0.2632521
0.28807646
0.28206003
0.27046686
0.26196715
0.36423865
0.23939767
0.28182042
0.21595657
0.1913224
0.2585546
0.31729785
0.4122452
0.28563
0.25368565
0.29054958
0.2983778
0.2605769
0.1942585
0.33907744
0.28082198
0.32508537
0.24955681
0.3320743
0.19583617
0.32189777
0.20568007
0.37689728
0.18448721
0.20686845
0.23219198
0.21378389
0.29563934
0.24788761
0.341322
0.2646749
0.19341809
0.24770957
0.17851335
0.2329201
0.23261008
0.2791069
0.21237473
0.23421326
0.2218087
0.3143253
0.17411552
0.28655133
0.2811086
0.30105978
0.31763262
0.23763466
0.4065484
0.20006059
0.29319525
0.18545786
0.26295462
0.25397882
0.2640633
0.2569372
0.3208345
0.24731638
0.18794143
0.16322649
0.35127085
0.2751132
0.2982152
0.2630096
0.28846666
0.25958198
0.32829332
0.34583455
0.32580057
0.27669758
0.40435985
0.20532665
0.3420502
0.51556957
0.1789846
0.26045477
0.29859325
0.3879128
0.2928902
0.2756453
0.18804869
0.2754096
0.26516408
0.33452472
0.22267988
0.20279165
0.26996237
0.24778485
0.34596708
0.25353864
0.28680527
0.31723684
0.3829597
0.23480539
0.15282631
0.30642566
0.30223382
0.4026092
0.37089455
0.23487705
0.23442227
0.21265739
0.31646147
0.29518273
0.23672733
0.22740208
0.40585178
0.21598448
0.40366518
0.24940109
0.30360955
0.33529055
0.35827374
0.22667564
0.3005104
0.34465626
0.2982008
0.35112917
0.3233082
0.33110312
0.21139555
0.3328706
0.1779613
0.18965536
0.23566939
0.22803323
0.23640019
0.20367311
0.19041774
0.3069774
0.32585353
0.22987689
0.28952408
0.27937126
0.2666
0.28375635
0.3308015
0.19215758
0.31714585
0.17149636
0.2989763
0.21519078
0.2821066
0.3036721
0.18256953
0.31832916
0.31667912
0.23294935
0.22994632
0.35370132
0.29575896
0.35995677
0.35840207
0.28959796
0.25285906
0.1913863
0.17830402
0.17651454
0.2916492
0.17875074
0.23424143
0.20518969
0.21774015
0.24642538
0.29120982
0.2636323
0.28895113
0.335221
0.29045257
0.24166438
0.31467682
0.32280248
0.30467868
0.4258854
0.27020514
0.3078865
0.28373715
0.2006612
0.20834637
0.22568302
0.34319684
0.2660168
0.33133903
0.16003798
0.25383118
0.31266785
0.41298905
0.28211033
0.15091938
0.2698536
0.31423318
0.18559904
0.33866537
0.2666002
0.25622925
0.20175408
0.3443181
0.21521477
0.2116845
0.32536718
0.3807933
0.22063158
0.36062115
0.16701657
0.34690934
0.23419479
0.33597317
0.3556565
0.23622799
0.24611433
0.25978118
0.23488317
0.29030836
0.24881299
0.28636092
0.20816857
0.24215095
0.19421577
0.25881293
0.25963238
0.21900764
0.30026072
0.29915655
0.3561764
0.2898374
0.28216857
0.2379047
0.26794234
0.22529308
0.20731619
0.23966868
0.32206473
0.37871367
0.33482647
0.16021372
0.29901904
0.20982066
0.306682
0.2476166
0.33386454
0.27587757
0.26827317
0.23915958
0.253403
0.18097235
0.24845281
0.2133603
0.2998651
0.20641029
0.21936792
0.25597546
0.19865012
0.3096206
0.22652465
0.2905975
0.22255458
0.2058883
0.24244389
0.28196612
0.3228838
0.18080176
0.39252082
0.2592467
0.2119738
0.21578717
0.37393525
0.28608948
0.33565262
0.31065938
0.21335039
0.30286238
0.29924512
0.32700962
0.20962846
0.25953123
0.29967737
0.3029801
0.26597506
0.24367945
0.24012592
0.34804052
0.22427233
0.25053054
0.3456152
0.23430526
0.37061754
0.2432181
0.2008993
0.27109972
0.25649294
0.19768873
0.30064735
0.24917702
0.16018507
0.2745564
0.19338182
0.22615926
0.19432822
0.19087236
0.34830225
0.2347392
0.2656904
0.26474747
0.2099146
0.25987822
0.20407894
0.32628736
0.36295834
0.29820812
0.19960792
0.23634796
0.21013004
0.32720497
0.22524375
0.27415663
0.29878002
0.34753597
0.2381176
0.31572333
0.30146375
0.40536436
0.34138736
0.22630624
0.331296
0.1995435
0.27358297
0.25351167
0.21808314
0.37200275
0.25185224
0.16084662
0.36659214
0.33199877
0.28502572
0.27931932
0.1959628
0.28630581
0.24550928
0.26677442
0.34666902
0.22058487
0.1595001
0.2984712
0.23674318
0.29066077
0.18048528
0.33706462
0.3302581
0.39033082
0.23847407
0.22235097
0.24412243
0.18198965
0.27867723
0.3865767
0.19341907
0.31467837
0.38173708
0.3446041
0.3311197
0.30703816
0.41223288
0.299836
0.35183015
0.33071938
0.19885859
0.3046925
0.26662493
0.27135038
0.32743722
0.20788726
0.3314605
0.27883857
0.21109696
0.30030602
0.26168707
0.2413485
0.28335887
0.21699898
0.3219916
0.3008828
0.20694293
0.19844256
0.3502696
0.22751467
0.19152564
0.2358619
0.25801364
0.2663557
0.3085618
0.359431
0.28048038
0.26595235
0.20669663
0.31077275
0.3004066
0.24998859
0.28205588
0.28598163
0.3894589
0.29277456
0.21893163
0.33195657
0.23322171
0.34242827
0.27888814
0.18486325
0.30822802
0.33159393
0.26995912
0.18535466
0.36288592
0.2927678
0.27748996
0.35644653
0.2983779
0.31881538
0.3166487
0.22549662
0.24937782
0.26617375
0.16762546
0.28650516
0.26211017
0.269957
0.37809098
0.2711771
0.19223008
0.34406427
0.24355344
0.21601023
0.22286525
0.1957241
0.29663485
0.30459833
0.24001259
0.26975238
0.22416706
0.24179772
0.2654811
0.26254943
0.27237362
0.20629036
0.24841143
0.2819905
0.21474697
0.24086079
0.30737105
0.3717552
0.24329564
0.40829298
0.2146348
0.29034507
0.1694535
0.21168633
0.26327568
0.30641535
0.20243144
0.25292614
0.244494
0.18539305
0.30263457
0.30804777
0.17449202
0.32681713
0.33936587
0.4143902
0.33293974
0.26281494
0.18156795
0.25743634
0.32127964
0.32003623
0.21564488
0.30115086
0.34185657
0.23430733
0.17780304
0.20143339
0.2763426
0.3366594
0.27608776
0.20652357
0.3177043
0.20902458
0.31776473
0.29574963
0.24825777
0.30719483
0.31368834
0.17740352
0.19499713
0.2830026
0.27377945
0.22725567
0.2681229
0.39092016
0.1918599
0.2034088
0.32528538
0.26582244
0.2548312
0.28434575
0.14912787
0.22235824
0.2015524
0.18557186
0.2263357
0.35208142
0.26881546
0.23992342
0.30292073
0.23568204
0.23220754
0.29279658
0.291356
0.31390557
0.26668444
0.25627685
0.30306232
0.2578997
0.26870456
0.24166648
0.30271652
0.2507344
0.22519377
0.30327618
0.29317236
0.21249343
0.23554853
0.32216978
0.26287022
0.2932556
0.21997598
0.31257355
0.32199448
0.31791344
0.30534834
0.31411508
0.19408423
0.22548918
0.3613946
0.36908874
0.1764335
0.35372388
0.37959656
0.2561387
0.27621374
0.2161772
0.3853236
0.31371772
0.27266768
0.29399556
0.3658747
0.3470414
0.29769558
0.19290474
0.28286758
0.22675186
0.21724597
0.1991508
0.32425115
0.35379943
0.23270668
0.25888106
0.2527743
0.34303167
0.2356342
0.20621961
0.21182485
0.19786547
0.22130921
0.3496079
0.25218803
0.27658075
0.2506613
0.20130494
0.37207377
0.27214253
0.22114165
0.30610037
0.20562972
0.3075128
0.25547895
0.19953206
0.29421458
0.30359077
0.26065725
0.3198737
0.27640766
0.23510765
0.2615188
0.35428247
0.17820759
0.21536016
0.2823566
0.20564206
0.33055508
0.25921103
0.28775516
0.31787026
0.21850422
0.17967068
0.36722645
0.27957514
0.27422568
0.3861984
0.2952588
0.2693773
0.27735686
0.25116497
0.2518914
0.21399887
0.31823066
0.27059144
0.26418322
0.2940803
0.27597016
0.18187785
0.33689928
0.2745129
0.17402236
0.26795346
0.27360764
0.32172543
0.24844058
0.38977972
0.2551859
0.3323502
0.23401195
0.2109245
0.3100054
0.2671974
0.3314127
0.3079898
0.2693911
0.27865124
0.27758312
0.29927647
0.2944055
0.37894303
0.2863818
0.26282993
0.18853934
0.2918856
0.23595937
0.17785919
0.26074624
0.19759235
0.20374507
0.3593377
0.25018835
0.19798
0.26795697
0.2568317
0.29863095
0.23581327
0.32608888
0.32974574
0.20856422
0.29898217
0.1845313
0.30837408
0.3110066
0.32056046
0.3823827
0.25218043
0.2388537
0.26868793
0.3638907
0.31823972
0.2540943
0.25617906
0.2228005
0.29365635
0.20437652
0.25430912
0.25913537
0.26196197
0.27979273
0.26094964
0.29813987
0.2962113
0.22051036
0.3474456
0.27663946
0.28906766
0.28857127
0.26236835
0.29107177
0.2706579
0.2152886
0.16735636
0.24706878
0.3845839
0.25499943
0.26752737
0.18689339
0.2241731
0.25189078
0.3211138
0.26382798
0.23401375
0.19372647
0.30136928
0.20511809
0.21509081
0.19117741
0.24856657
0.3917377
0.29426652
0.35138282
0.22601144
0.18421704
0.2693891
0.27580532
0.259041
0.32042935
0.27195573
0.19926111
0.26388493
0.21685727
0.25716886
0.2318794
0.2853924
0.1998153
0.17038657
0.21821222
0.31481153
0.23842025
0.33248416
0.3395001
0.31674492
0.30783746
0.23001778
0.3201498
0.27160135
0.1818883
0.2360689
0.2952719
0.31314442
0.2873318
0.2601657
0.2124748
0.3475022
0.42703852
0.2583566
0.24650492
0.2011284
0.19582918
0.26813596
0.21815805
0.2958667
0.23765332
0.30936575
0.40568322
0.26804605
0.21424435
0.26648358
0.19688079
0.22311969
0.29676187
0.22855012
0.27403295
0.321556
0.21995789
0.23151462
0.31299332
0.32415357
0.29075593
0.31300986
0.20051089
0.31906512
0.3158752
0.31202692
0.2206295
0.3403602
0.26597995
0.3269062
0.19482552
0.20805229
0.35112575
0.41699132
0.3257545
0.35198268
0.35982722
0.16131024
0.27357692
0.18845987
0.24247763
0.2892794
0.2558258
0.29367587
0.2207032
0.32666314
0.32411015
0.33032408
0.24307804
0.35044464
0.19114898
0.24801527
0.19589691
0.3348204
0.23498195
0.29573452
0.27807808
0.31741056
0.19163106
0.24056485
0.365439
0.2326109
0.30707553
0.17695504
0.18133897
0.26133782
0.21745814
0.23412085
0.18946554
0.28330582
0.24761173
0.40119472
0.23449469
0.196142
0.29798213
0.4128465
0.3842997
0.2412586
0.31567457
0.23365779
0.29831442
0.31292626
0.3916544
0.26022154
0.24834482
0.29772025
0.29810756
0.39391837
0.25987652
0.29331207
0.3920002
0.25722685
0.32863808
0.34610608
0.33444664
0.17449032
0.29960427
0.37350884
0.17633337
0.3452105
0.34504813
0.323643
0.36025926
0.25071666
0.268941
0.31469417
0.37660253
0.3012507
0.28017458
0.22818492
0.20287806
0.3505396
0.23976953
0.33897796
0.15612246
0.3224084
0.2996632
0.22999412
0.2983209
0.25981265
0.24767013
0.31841016
0.37026626
0.26314738
0.30590335
0.31015676
0.24856907
0.26126033
0.24608883
0.21628782
0.34601694
0.25230345
0.19919714
0.2713908
0.32616365
0.20329084
0.17599289
0.30118385
0.29446405
0.17337427
0.24667916
0.182704
0.31495756
0.35102206
0.21087554
0.3062833
0.21108471
0.22931625
0.3021849
0.24094914
0.22493045
0.27723676
0.2729764
0.2964981
0.39631146
0.20830947
0.31577477
0.29661357
0.16259278
0.27922088
0.29870892
0.20738618
0.18051416
0.26273012
0.38452074
0.26664436
0.27348393
0.39833334
0.17885558
0.21698326
0.28854778
0.26035577
0.31787995
0.3783813
0.21492964
0.25751987
0.29679006
0.3115768
0.3241494
0.22339706
0.27947384
0.20173581
0.29779455
0.15541075
0.22511858
0.24192126
0.3424096
0.29661492
0.38508055
0.3383682
0.23984294
0.19164035
0.25868544
0.26829073
0.19301938
0.30262056
0.16921242
0.23349738
0.24643953
0.24685048
0.22656508
0.3127108
0.20532112
0.2876955
0.2891484
0.31924278
0.15449063
0.30227354
0.2516227
0.28671214
0.349766
0.19458772
0.27402744
0.24050447
0.20142071
0.24659817
0.28255594
0.3015575
0.26350212
0.19220558
0.21154334
0.27715006
0.18195044
0.23099951
0.31560785
0.28750774
0.25912532
0.30811673
0.25073662
0.23701139
0.23039493
0.29880327
0.21617305
0.31006828
0.38647702
0.28153324
0.2691921
0.25499767
0.24912675
0.27346036
0.27731305
0.41376275
0.21545938
0.18510117
0.25004065
0.22775643
0.27098826
0.26439944
0.20176347
0.20369652
0.23204726
0.37768638
0.24330927
0.20451371
0.2599937
0.22601624
0.3043853
0.33372727
0.29037905
0.20408422
0.22969306
0.19512227
0.32154548
0.22753488
0.2525747
0.22372632
0.3796848
0.17390452
0.25101396
0.32004997
0.20462608
0.30580595
0.259842
0.33957395
0.4202903
0.18495785
0.2780165
0.35604545
0.32245997
0.24498332
0.2496683
0.23171216
0.27132204
0.34307674
0.26882482
0.36081883
0.311502
0.2829723
0.27266753
0.17077947
0.31337044
0.25868666
0.22285691
0.23469277
0.24882229
0.25948042
0.21779557
0.3005124
0.22561501
0.29000375
0.22012696
0.30646417
0.15880108
0.30408296
0.31965232
0.2322146
0.2876131
0.27962822
0.30696762
0.2013992
0.2914213
0.21121593
0.2691354
0.2986251
0.35325226
0.23965757
0.22093469
0.23003834
0.28582495
0.3754788
0.32066202
0.2444379
0.22257385
0.30486974
0.28304702
0.21068183
0.18615611
0.22126894
0.1764222
0.19054332
0.281138
0.22706336
0.23375167
0.31501263
0.28083777
0.3456565
0.22754948
0.38316485
0.28879955
0.25835586
0.27213994
0.204329
0.21027116
0.26381204
0.31557482
0.31220323
0.31669876
0.34199327
0.32291594
0.30450618
0.29195258
0.2989865
0.32312164
0.26283437
0.23989835
0.2266043
0.26710647
0.37805074
0.20835406
0.23804314
0.23656757
0.20186906
0.26669222
0.2541913
0.26841518
0.2766575
0.3083029
0.26632768
0.2734174
0.27003136
0.3245082
0.24644539
0.19866985
0.27470273
0.2813634
0.33760568
0.18469785
0.2753204
0.19713785
0.2897426
0.27370405
0.2835124
0.18324926
0.24782203
0.21511188
0.18509637
0.2965108
0.24733822
0.31757435
0.36709416
0.25792736
0.33289775
0.37125948
0.27168387
0.18898873
0.3732794
0.19588827
0.3793643
0.266496
0.20788872
0.32709903
0.28938153
0.24443184
0.29709536
0.33469898
0.29053986
0.32206714
0.31713212
0.32910872
0.3156821
0.21493739
0.32876712
0.18794051
0.27519715
0.219005
0.31771225
0.24119534
0.19005531
0.3509758
0.33936393
0.3243899
0.3248951
0.20501351
0.366493
0.26673114
0.2646408
0.29384184
0.21859536
0.16339648
0.3268999
0.32764727
0.19256882
0.23697346
0.2859017
0.21175727
0.24185154
0.21818043
0.28448862
0.2542356
0.3396735
0.34343094
0.28762975
0.25880054
0.3229316
0.24307328
0.31241018
0.24229452
0.17864478
0.23505045
0.30958548
0.21717282
0.19231975
0.41111308
0.26541924
0.2551986
0.17837298
0.18937902
0.16486657
0.23933071
0.29347885
0.27529663
0.21250808
0.20254245
0.2181015
0.31175268
0.269602
0.31680357
0.26358846
0.23338626
0.22532444
0.35311317
0.24186753
0.36345497
0.27439877
0.2906197
0.30559936
0.18928759
0.26720837
0.30060637
0.20105079
0.31369618
0.26638463
0.33068588
0.28574216
0.28246984
0.16745134
0.21389937
0.1730296
0.22832063
0.34779727
0.19998941
0.3501416
0.23801576
0.21914972
0.18439835
0.19920331
0.3222133
0.19075753
0.29552037
0.27130464
0.2794234
0.2174602
0.33804372
0.1683136
0.20487683
0.25761026
0.35096055
0.29900882
0.242125
0.17884572
0.30593157
0.37852597
0.29822707
0.19754004
0.21997893
0.35020816
0.30067793
0.31439537
0.288731
0.31705528
0.30496088
0.18533412
0.22668159
0.2440813
0.18358678
0.28296593
0.2972191
0.28936952
0.2470231
0.1536221
0.22755022
0.31684417
0.39474866
0.28297684
0.18324193
0.24666436
0.4039262
0.24440251
0.1945138
0.41078177
0.3014041
0.31055483
0.23867507
0.35143214
0.27799845
0.22568464
0.29959947
0.17039123
0.21584189
0.1679525
0.28543735
0.21179871
0.2766416
0.22592434
0.32831967
0.26188824
0.20015174
0.33348325
0.2865299
0.2615008
0.19287221
0.33248782
0.33167148
0.27243134
0.2972446
0.20199579
0.30100995
0.22806734
0.2842375
0.34299347
0.29918388
0.32156828
0.25515115
0.24021022
0.3132408
0.31729048
0.27327338
0.2693846
0.2920727
0.22315341
0.30081648
0.2397859
0.33446264
0.25029415
0.3205862
0.30369687
0.3545566
0.17613006
0.24520802
0.26154068
0.2378016
0.4359199
0.25641674
0.24430658
0.28439513
0.22256482
0.29521856
0.30037853
0.32570288
0.37296715
0.26198366
0.33761346
0.35639405
0.34087318
0.22634745
0.20572008
0.3453047
0.24879056
0.19619653
0.37136808
0.24676365
0.22966905
0.31198072
0.17510521
0.2177012
0.25616816
0.2772911
0.34044608
0.2266203
0.40251285
0.19750778
0.1870709
0.19816189
0.18603814
0.38908944
0.26550797
0.23779266
0.25215197
0.19268033
0.1898401
0.20803553
0.36435252
0.28617343
0.2214071
0.30005813
0.21416278
0.2758925
0.266361
0.35781902
0.25602907
0.25393283
0.34462154
0.35644835
0.20570709
0.29545256
0.32153842
0.27923125
0.25699472
0.26949707
0.22947302
0.36403728
0.2508034
0.17388478
0.19978242
0.26877278
0.197963
0.22768568
0.26468748
0.20828202
0.29021892
0.28909308
0.26394862
0.2677216
0.19570349
0.28325152
0.29608375
0.24478951
0.25916097
0.24887228
0.2742369
0.30495194
0.28293538
0.29280242
0.2877402
0.4082346
0.25189632
0.27354068
0.25403693
0.20223078
0.269693
0.19328171
0.1849502
0.34641066
0.20844312
0.33589986
0.23371819
0.26340413
0.19407532
0.3417193
0.21634437
0.23874423
0.31209925
0.24713707
0.35867056
0.2741349
0.34133208
0.3691132
0.21015528
0.26855588
0.34159327
0.21619904
0.18842722
0.28243524
0.31183898
0.31016642
0.15145981
0.27784574
0.23190673
0.37639645
0.2789228
0.22052088
0.19106334
0.19101399
0.31008154
0.28170323
0.33311626
0.31602058
0.25437853
0.25036845
0.23362926
0.2334623
0.23870592
0.24037513
0.28968948
0.19876844
0.35589656
0.25483274
0.28680813
0.29492405
0.24140102
0.20635282
0.24271615
0.35238796
0.14505816
0.32166302
0.2555158
0.26676536
0.2711929
0.16732627
0.27149633
0.3598447
0.3536757
0.18486635
0.36258137
0.25696144
0.27099708
0.2863129
0.2549828
0.31968084
0.32640958
0.3016813
0.24816537
0.26636323
0.3105071
0.25409535
0.21906687
0.31617215
0.3007049
0.37686837
0.23935992
0.2661733
0.24014734
0.2584873
0.30744073
0.24418823
0.3242287
0.24165455
0.20379336
0.2680724
0.28404897
0.3425015
0.26335543
0.25837755
0.21113306
0.2305809
0.3170525
0.2276662
0.30018306
0.2744687
0.18377656
0.32665572
0.18644814
0.21116899
0.35534006
0.24532458
0.28457585
0.27029198
0.3009268
0.29550254
0.18227004
0.32130212
0.29071552
0.26782334
0.28613448
0.29864207
0.18011267
0.31010917
0.2718437
0.25652766
0.1986631
0.21693191
0.29238656
0.2514159
0.35061306
0.28757882
0.22042349
0.20220014
0.22452872
0.24143116
0.32577884
0.18014765
0.29091743
0.25855953
0.22854994
0.17007366
0.3001572
0.27917406
0.3306719
0.35037342
0.22822975
0.21484847
0.28006625
0.31888205
0.25277355
0.27747518
0.3451047
0.19261506
0.23041843
0.28116748
0.36523697
0.3012722
0.2623516
0.2382238
0.21048172
0.16815725
0.28205493
0.24559045
0.34870157
0.31676468
0.19350171
0.29817438
0.28110778
0.24312598
0.25027838
0.19119516
0.2543132
0.28317034
0.2605863
0.25722885
0.2587844
0.24275218
0.23258838
0.37635595
0.24177751
0.277767
0.15608373
0.24554442
0.30054876
0.28793332
0.21476279
0.19455782
0.2847141
0.22649921
0.27745882
0.14489746
0.3261797
0.42959747
0.35833505
0.22546464
0.2629638
0.30013442
0.1900563
0.19984773
0.31892687
0.28681353
0.30727953
0.38160625
0.17338641
0.2174041
0.35218382
0.15074526
0.3116918
0.23047958
0.29361933
0.3343701
0.33977968
0.25647157
0.32753164
0.25588673
0.22317962
0.29183137
0.2956675
0.16486837
0.3196235
0.29277405
0.33842593
0.31452182
0.2470477
0.3266917
0.23334046
0.26989806
0.25733885
0.31712374
0.19546996
0.2758449
0.3025983
0.274847
0.23211297
0.21446541
0.33139953
0.22440773
0.22175771
0.29135418
0.29177365
0.2758375
0.3432303
0.2796133
0.19378172
0.30839428
0.32587934
0.2334341
0.22671825
0.34930992
0.25155017
0.29452384
0.2456958
0.3506606
0.1946805
0.24792114
0.3743308
0.33524564
0.39275825
0.3941923
0.30869585
0.15903147
0.22810729
0.1752968
0.35619834
0.35128704
0.29236022
0.2993703
0.22904158
0.20292667
0.32593197
0.34337744
0.3521807
0.23982346
0.20630908
0.34635985
0.37632743
0.24452077
0.3032103
0.32206511
0.30715322
0.24709423
0.2692267
0.19546473
0.31376716
0.25191277
0.34404063
0.27583855
0.27064937
0.19355825
0.1810371
0.34825578
0.42102262
0.20172893
0.18371841
0.21713467
0.26575187
0.2445993
0.32860216
0.21555828
0.2938956
0.26222438
0.22664104
0.32315597
0.3115429
0.2543616
0.28386202
0.20904398
0.18733205
0.25956056
0.36075
0.24410222
0.25806794
0.19897343
0.33439335
0.34701043
0.39683813
0.3526095
0.25089556
0.17155626
0.33876085
0.28121197
0.33982554
0.2726149
0.2800569
0.2144289
0.35117707
0.24290688
0.24179646
0.21177268
0.22685426
0.2994614
0.31841215
0.25085086
0.31419882
0.29687437
0.15912564
0.30318198
0.19705519
0.27096015
0.22942548
0.1948749
0.29819605
0.2616832
0.3333456
0.3764319
0.34524044
0.31801814
0.26649836
0.22598548
0.23847649
0.25581792
0.19168119
0.24620335
0.28439867
0.3908434
0.28799823
0.36970285
0.26791865
0.298107
0.19738095
0.26081052
0.3249797
0.3573202
0.3138145
0.20781478
0.2285037
0.19693926
0.27385712
0.23929894
0.15404232
0.34267595
0.21948141
0.25989404
0.17877154
0.28027645
0.3181742
0.19325048
0.2645137
0.30983102
0.31912547
0.2160445
0.19124265
0.3393127
0.15621546
0.21129483
0.3514019
0.2653702
0.3425634
0.3234571
0.3601266
0.3854634
0.33899343
0.27414858
0.30392578
0.27732223
0.28697273
0.28884622
0.26901633
0.19160153
0.22702092
0.36734906
0.19221553
0.28789514
0.31278208
0.2223264
0.30679184
0.28162423
0.2534483
0.35266563
0.29910016
0.21812932
0.27510548
0.2468104
0.28846276
0.21339473
0.26686835
0.23804146
0.28212056
0.34015667
0.29724383
0.3010017
0.26410368
0.2907411
0.323175
0.26843432
0.24994594
0.18300916
0.2622945
0.2664486
0.22477265
0.2943251
0.20641847
0.24366665
0.34595212
0.24035884
0.38244396
0.27147323
0.31678808
0.24711291
0.31811517
0.3384796
0.32110435
0.19704592
0.24294928
0.20556201
0.28857204
0.26515982
0.21396638
0.27552238
0.3013896
0.23042537
0.24610989
0.33876035
0.31303936
0.31859815
0.30998895
0.31124684
0.19795571
0.23902945
0.313665
0.23295707
0.2899639
0.34629327
0.23614293
0.16559878
0.28998038
0.26688105
0.29366678
0.24451002
0.30897084
0.27662024
0.31214017
0.28452992
0.3499509
0.3397341
0.22026393
0.19089244
0.3045095
0.30609074
0.36784005
0.30024034
0.27232495
0.13083851
0.24319443
0.29061237
0.26146647
0.29452315
0.23486063
0.24534391
0.26038674
0.23877618
0.28948224
0.3360818
0.26460233
0.26350906
0.26400638
0.31866044
0.3073655
0.24656492
0.2810668
0.24576558
0.29128274
0.3124441
0.2854833
0.24152099
0.33137
0.36568382
0.19543922
0.3194635
0.32567504
0.30569127
0.327257
0.22539479
0.37637624
0.28906566
0.268199
0.34460244
0.33506736
0.28850585
0.21302335
0.18560971
0.2620196
0.20949022
0.25440466
0.33199
0.23823549
0.42101482
0.20682915
0.24768415
0.2001556
0.23003225
0.30396074
0.16463335
0.2972611
0.20749588
0.17307723
0.33511677
0.31779715
0.17921166
0.19907087
0.23471673
0.3273159
0.35973823
0.23345524
0.19981138
0.2812322
0.1842312
0.2271146
0.2397282
0.29941356
0.36833844
0.21010704
0.3197598
0.19547611
0.2925684
0.27290127
0.29590306
0.37937722
0.1833661
0.21685804
0.19469976
0.23467004
0.4168333
0.2109137
0.32051066
0.25233904
0.27837327
0.17622626
0.27931634
0.218869
0.2805701
0.1990393
0.2545806
0.22951807
0.28296667
0.3882966
0.28067264
0.26072347
0.257835
0.2873628
0.23573057
0.2369933
0.3269974
0.23630512
0.28554913
0.37234262
0.35421526
0.3325456
0.20600167
0.29392087
0.29362532
0.20121624
0.3556776
0.3903098
0.1746058
0.2196637
0.27918673
0.16975386
0.23169199
0.28918433
0.1639634
0.2839401
0.3345037
0.24620554
0.20388497
0.18439779
0.3225573
0.23694655
0.19524695
0.18751459
0.26236808
0.23544407
0.20332901
0.28570622
0.18470925
0.1980424
0.36596078
0.2796101
0.27575347
0.38866335
0.25654963
0.2973943
0.3355071
0.26483408
0.19775489
0.28673232
0.2467352
0.32464287
0.3055798
0.20752588
0.322496
0.34251648
0.3580953
0.33215526
0.3083625
0.23758665
0.31174907
0.22509299
0.22516596
0.24004751
0.3487336
0.2400819
0.38532272
0.3251268
0.2678354
0.20001328
0.3439567
0.30196518
0.18776934
0.22792764
0.21375343
0.1790277
0.21676178
0.17151509
0.27539268
0.3365079
0.17699806
0.23737605
0.30689782
0.36701
0.18257394
0.32711202
0.21385396
0.27099755
0.4064475
0.21017194
0.24809323
0.32150266
0.34921083
0.27113053
0.22328566
0.21544297
0.27486098
0.24692842
0.28792942
0.35616967
0.25354296
0.24919637
0.2949319
0.28371996
0.28110656
0.20111169
0.25876927
0.20248003
0.24946852
0.23119338
0.38180256
0.29387292
0.33875534
0.20493141
0.24146925
0.30926573
0.30010486
0.1878879
0.37159327
0.3162907
0.34203324
0.2097417
0.2471367
0.22970685
0.32765818
0.13005744
0.22307625
0.29206362
0.2714585
0.26391158
0.2752622
0.23811722
0.20432973
0.21066578
0.30281785
0.3287626
0.29918808
0.32482132
0.29935303
0.2592978
0.30096847
0.21983016
0.23157348
0.2144663
0.32197016
0.2806977
0.30648157
0.28343463
0.22724684
0.2763858
0.26661628
0.2668716
0.28584498
0.28523794
0.26597536
0.35248193
0.2805644
0.2907863
0.25585142
0.34212503
0.26727495
0.333847
0.34078938
0.3036122
0.18455866
0.24151196
0.25087377
0.31207046
0.2967726
0.20582266
0.1914071
0.26833054
0.19005999
0.24622205
0.20287053
0.27198422
0.21603774
0.30647042
0.22721575
0.3438666
0.2505402
0.3582235
0.26285347
0.21226044
0.2934988
0.24238794
0.23699878
0.22858548
0.23826501
0.25210622
0.25668845
0.21187794
0.23780058
0.22084786
0.31440294
0.20942378
0.27532205
0.44775218
0.2891443
0.18209772
0.27909052
0.27549124
0.28666413
0.34979302
0.20809922
0.26999408
0.20345828
0.19315596
0.31036365
0.27577686
0.21643245
0.28653175
0.27842954
0.23645894
0.27555197
0.24209747
0.2741368
0.2870408
0.18027034
0.26811382
0.26439267
0.31890154
0.19885047
0.26492053
0.28529876
0.24391754
0.20297463
0.23025729
0.3405817
0.33131164
0.30739355
0.23468839
0.18903242
0.26162687
0.21867655
0.31209156
0.23535527
0.3088259
0.2697204
0.2884549
0.25110993
0.20750259
0.23350485
0.27153718
0.21297432
0.27440953
0.29983154
0.3507918
0.2144653
0.1776352
0.27065545
0.24821259
0.34251797
0.3135119
0.22709973
0.2004326
0.27508914
0.34702432
0.28988013
0.29073253
0.21804847
0.24266191
0.18656138
0.20852585
0.24951181
0.20639195
0.18693767
0.25190327
0.31191158
0.2563856
0.16117704
0.29224786
0.26245028
0.25642624
0.32379583
0.18149924
0.32472768
0.2750632
0.19371332
0.24929008
0.18446946
0.2627604
0.24233924
0.26629767
0.28363064
0.1742147
0.37494013
0.354679
0.24562998
0.38177937
0.3179314
0.24754523
0.28068992
0.29968694
0.27396604
0.28316444
0.25140452
0.18117166
0.26428226
0.23426549
0.23896766
0.28161484
0.2633579
0.30652094
0.27760708
0.35818917
0.32569408
0.21644935
0.35894367
0.2996156
0.28260508
0.24768384
0.19473252
0.28774858
0.20128487
0.24166007
0.3311381
0.34966674
0.18809779
0.17474538
0.17057635
0.25872082
0.34707516
0.20750152
0.36107296
0.3384364
0.19795479
0.255827
0.28718683
0.37022984
0.36306238
0.17705165
0.26488498
0.21747328
0.2688473
0.2613012
0.24015543
0.30101925
0.22076406
0.31591853
0.3166346
0.2373177
0.2772366
0.33693188
0.232326
0.36285582
0.3205604
0.22377446
0.19119078
0.27970612
0.22534497
0.21066792
0.24902338
0.27224514
0.2642833
0.31353736
0.2612467
0.19533545
0.30645955
0.41629258
0.3168347
0.29091784
0.24404173
0.27106878
0.26645935
0.33856124
0.293628
0.29749998
0.20165682
0.23752013
0.23749076
0.3444717
0.2367764
0.36561716
0.32953042
0.18999964
0.22921994
0.2518573
0.28921977
0.24243091
0.30223355
0.31320146
0.27526283
0.294677
0.22964369
0.2517089
0.25180066
0.21359842
0.3080226
0.27226382
0.20097516
0.16589358
0.2396369
0.2640178
0.2956019
0.31733167
0.32803273
0.13403451
0.29185036
0.3357744
0.2531312
0.26848164
0.33562607
0.36855438
0.36762062
0.18821576
0.21241198
0.25434467
0.25896475
0.2062804
0.3418201
0.30852208
0.18685253
0.17072041
0.19388375
0.24231908
0.300929
0.32272118
0.29995492
0.25214666
0.26501733
0.16929169
0.22038919
0.20134975
0.32622412
0.21080162
0.3181102
0.25008819
0.19275649
0.28361502
0.2737846
0.30470234
0.24285598
0.28406295
0.29489583
0.21287753
0.21517822
0.26504382
0.18392886
0.22920138
0.33042923
0.2148066
0.2368742
0.19355996
0.33925295
0.19890341
0.2792443
0.31911808
0.29803306
0.24504943
0.30857795
0.35274255
0.24773353
0.25088823
0.31462067
0.28673598
0.36735335
0.17787291
0.25223914
0.3318677
0.2700456
0.25262794
0.19728482
0.41682658
0.27387786
0.19210653
0.27444392
0.28043634
0.24663034
0.18860738
0.25868627
0.29781163
0.22062081
0.26292583
0.23798442
0.2461136
0.29747468
0.20429367
0.2642847
0.33850458
0.25022465
0.31397533
0.28874207
0.16525342
0.29461944
0.18970805
0.3021189
0.2588999
0.289082
0.23200934
0.19069679
0.18605931
0.31008574
0.32031962
0.23888025
0.33319303
0.17012814
0.3419715
0.26211715
0.28009492
0.33134517
0.27624774
0.19705214
0.18498765
0.23332983
0.24311742
0.3732835
0.28500548
0.37959728
0.3445868
0.21213876
0.2728467
0.22408259
0.30269107
0.31630775
0.31298545
0.35214728
0.18709354
0.3528629
0.3293875
0.17821182
0.20652318
0.2598125
0.22559847
0.19502115
0.33364546
0.32188797
0.33959952
0.2647851
0.31653225
0.25791657
0.2795373
0.23821554
0.27010792
0.23559494
0.20169576
0.18074682
0.36651272
0.36453962
0.30138543
0.2730661
0.3990161
0.29726365
0.28682706
0.35216567
0.23691656
0.25346813
0.24123737
0.26733303
0.27589303
0.30083618
0.22327498
0.28966585
0.22004165
0.2548804
0.166698
0.18961443
0.3367928
0.17634334
0.27780622
0.18357679
0.21215776
0.3477916
0.31968582
0.23797882
0.24646483
0.3370058
0.24759047
0.21158363
0.22818978
0.26457334
0.18655896
0.3339685
0.18608247
0.22301649
0.18007778
0.20718399
0.18935457
0.3361589
0.31411418
0.23690519
0.390475
0.18361264
0.31623882
0.29262787
0.3105486
0.29871738
0.21150672
0.17867371
0.2232914
0.28608567
0.36731017
0.19276823
0.2938526
0.17766298
0.31650698
0.31227085
0.25375485
0.29506817
0.38219047
0.31712908
0.37146634
0.29100886
0.236884
0.320335
0.27707866
0.32337466
0.17335239
0.30815372
0.2681039
0.26401734
0.21821392
0.20268388
0.30185863
0.2816966
0.18515499
0.23857838
0.22967146
0.2053987
0.2367411
0.3178488
0.2956742
0.2461507
0.3689571
0.2989117
0.20189013
0.25684234
0.20154007
0.20266868
0.2735193
0.2684908
0.1985627
0.33679387
0.3175301
0.27407643
0.22666971
0.33261198
0.25304863
0.27466467
0.23434485
0.24951045
0.18700016
0.16875815
0.18013822
0.20208396
0.18892919
0.23695527
0.22099322
0.23569766
0.26344988
0.22736666
0.27852497
0.2578935
0.19574489
0.32050526
0.24696991
0.3192647
0.30999997
0.36786085
0.34956872
0.33737153
0.31123394
0.30078036
0.2564371
0.28045878
0.24467319
0.21187688
0.3472139
0.20171243
0.32571295
0.20008317
0.286209
0.18795528
0.37483516
0.18796769
0.20410994
0.23505741
0.31704938
0.2150692
0.21580042
0.19635426
0.31032127
0.21524936
0.22684133
0.31259376
0.18179075
0.31202132
0.273974
0.23595658
0.30732688
0.26215068
0.39120132
0.24567132
0.28050894
0.3826097
0.26247436
0.254876
0.27069396
0.21696873
0.27217162
0.22995588
0.3464666
0.2377378
0.28752482
0.17955032
0.2836966
0.27611777
0.3802359
0.19282655
0.20024952
0.27594003
0.2218792
0.21392038
0.29691344
0.30063617
0.30084172
0.27126876
0.34352964
0.291465
0.25805742
0.31729093
0.3110837
0.2602348
0.36402312
0.22612225
0.19611233
0.3160975
0.26227632
0.27460453
0.23780344
0.26976258
0.29020476
0.228814
0.1717945
0.357914
0.2467456
0.31912202
0.29909903
0.38555083
0.36999807
0.30944857
0.2930372
0.33833122
0.23945685
0.2801208
0.33166885
0.200567
0.26084062
0.30876073
0.20865199
0.274356
0.23088275
0.30124897
0.21163309
0.27962407
0.20922396
0.35968247
0.33081517
0.26973677
0.19709338
0.27026004
0.32880482
0.27484554
0.2738134
0.28936428
0.26886195
0.2166311
0.25304142
0.35832453
0.22735837
0.3371052
0.21919522
0.31173548
0.2789083
0.2702247
0.27289778
0.31706423
0.2229465
0.310557
0.15600571
0.2826246
0.28413942
0.18448582
0.2439465
0.24452502
0.24850145
0.27179185
0.245553
0.18542619
0.21953315
0.30300635
0.2138498
0.33368754
0.2750613
0.28562358
0.2022209
0.19497159
0.34199762
0.28540352
0.22857943
0.30989635
0.2316375
0.36370462
0.2701784
0.20470054
0.25521243
0.21321239
0.23690376
0.32524154
0.29154566
0.24734393
0.2228638
0.29852355
0.24794999
0.21068828
0.33330435
0.24630244
0.26682457
0.25284964
0.3381718
0.19436434
0.3010792
0.29734135
0.1908352
0.14617625
0.20790102
0.23793878
0.34277934
0.17632909
0.30827773
0.33509707
0.2046573
0.24503021
0.19321325
0.38046977
0.27251223
0.35616893
0.30721638
0.17523985
0.2660049
0.18945467
0.33322883
0.26127446
0.18216732
0.15547366
0.22249004
0.23388423
0.26533896
0.2129246
0.21452945
0.27785578
0.3075056
0.3982842
0.37557456
0.26667652
0.18951492
0.21132216
0.3474378
0.27137253
0.22011016
0.36756986
0.18490154
0.23343538
0.27047333
0.3195615
0.2474271
0.23445398
0.26228568
0.22018538
0.29987293
0.21492563
0.2884919
0.22224355
0.30605727
0.1671201
0.22972348
0.25996393
0.25528708
0.27412903
0.35694012
0.2743957
0.20738995
0.26998672
0.27721104
0.1866494
0.38455734
0.2355132
0.2671677
0.16812725
0.26874807
0.18621917
0.24657503
0.34157953
0.17756706
0.3079404
0.20906769
0.22528589
0.21788415
0.23073527
0.26750112
0.23017065
0.22749414
0.3241507
0.2595416
0.26037133
0.2030893
0.2225594
0.3818459
0.23824373
0.27382413
0.3193011
0.2254606
0.25864255
0.23039682
0.18755881
0.3221241
0.20916888
0.40307122
0.20357436
0.30796108
0.26551726
0.1891037
0.30552992
0.25430968
0.3641838
0.39545697
0.23241611
0.23220485
0.2791439
0.18465655
0.30244702
0.16718526
0.3688692
0.42015615
0.20419212
0.19232644
0.27499306
0.18765308
0.22625878
0.2720028
0.24899498
0.25130644
0.19347903
0.2719176
0.26124546
0.18754709
0.24328324
0.38065162
0.27462482
0.25252864
0.31809106
0.21311139
0.27083078
0.26592684
0.34222192
0.23433428
0.26923838
0.3641001
0.19686697
0.31478316
0.2379869
0.25051868
0.36538267
0.28503332
0.27668998
0.2626169
0.2561863
0.15856412
0.29503053
0.22696213
0.2543605
0.19972679
0.33931378
0.32662314
0.24864082
0.3635716
0.29419824
0.3744245
0.2137348
0.2030234
0.2528803
0.3587432
0.332386
0.27428374
0.25289476
0.27512795
0.3405413
0.23127177
0.20984483
0.32462227
0.24208717
0.22133599
0.2868899
0.24598114
0.1934626
0.34228194
0.24725913
0.31462112
0.39496848
0.3542282
0.21309808
0.3193932
0.34170634
0.27780393
0.3023403
0.15696052
0.29887593
0.27268562
0.19509338
0.26984054
0.33091426
0.2595674
0.31602916
0.2584833
0.22490002
0.2391837
0.29146153
0.22582304
0.2392863
0.2567684
0.3143702
0.18797168
0.21201956
0.28922758
0.25646445
0.20404673
0.36100975
0.27925718
0.1430368
0.29478234
0.16106942
0.26382875
0.29242626
0.33262312
0.2150378
0.25349864
0.27036574
0.29912907
0.29527822
0.20929427
0.32771933
0.21371649
0.35700896
0.27160233
0.28296733
0.36298427
0.34320953
0.23020774
0.2780927
0.26786658
0.30385014
0.2896031
0.26282614
0.39712495
0.30249926
0.45144895
0.35523742
0.20544843
0.22500229
0.30058894
0.1829434
0.18680058
0.27620876
0.33031645
0.27357838
0.34277508
0.30074805
0.2910719
0.24174707
0.25494608
0.23274863
0.29954273
0.31962603
0.17214748
0.2314821
0.24992736
0.3320277
0.277182
0.3326198
0.20559102
0.26047906
0.25215793
0.2787322
0.30394924
0.31997302
0.24835742
0.24496803
0.32550076
0.20130104
0.30609578
0.33690342
0.2237417
0.20611465
0.15037315
0.34050387
0.2664964
0.25679648
0.23506993
0.36621523
0.31568074
0.2868402
0.20589508
0.3115727
0.26222283
0.19826193
0.20676158
0.28628087
0.22789125
0.3117279
0.28413972
0.18387316
0.34445256
0.22767778
0.26819754
0.26778042
0.18926486
0.32524288
0.22372426
0.31579405
0.29029205
0.36889812
0.2728755
0.29368746
0.26570627
0.23920232
0.26489747
0.21974789
0.2853737
0.310536
0.20610794
0.3441478
0.17597888
0.32119372
0.20613171
0.26811334
0.24706654
0.18628
0.25488615
0.32309178
0.27263954
0.27354127
0.30070058
0.2704242
0.1763311
0.3056052
0.35530454
0.409188
0.20483156
0.21949828
0.37137017
0.2530891
0.42144382
0.3733627
0.23120108
0.2675239
0.17783903
0.2305354
0.37254816
0.3447301
0.34262383
0.19606824
0.1735983
0.18831515
0.23465073
0.29908767
0.33416942
0.21475817
0.29995084
0.3127889
0.16409697
0.17632842
0.27219823
0.2156894
0.27574098
0.33066276
0.20886725
0.32454038
0.27654302
0.23225975
0.28170502
0.3466555
0.17643107
0.18046089
0.18130565
0.3240164
0.34660187
0.24588268
0.21220788
0.17372945
0.17591941
0.32579023
0.30135515
0.17153674
0.31865162
0.25112945
0.24689317
0.33614567
0.25098658
0.30393347
0.19538204
0.27777174
0.2991321
0.29654104
0.21018225
0.34989345
0.36507487
0.26276743
0.19724914
0.2327079
0.19019666
0.26471758
0.18288265
0.28653482
0.34848982
0.23417418
0.2626002
0.3122954
0.18642941
0.17627977
0.27625522
0.1819349
0.31323937
0.19232821
0.32253796
0.23647015
0.31339535
0.17960274
0.20975675
0.36175376
0.23267518
0.29901063
0.3132762
0.24087761
0.19069174
0.2744216
0.24113908
0.2824001
0.21310984
0.21624443
0.3084778
0.24548574
0.35389435
0.3022489
0.20023678
0.2583291
0.21977288
0.20953083
0.27192616
0.3448533
0.20175156
0.24527471
0.21196838
0.29063419
0.2985467
0.24670899
0.24251866
0.28228486
0.24263486
0.2344814
0.30196884
0.28478807
0.22837429
0.34158507
0.26803288
0.29070252
0.3891254
0.2576042
0.34311706
0.30071104
0.29340726
0.31337735
0.23296581
0.2124417
0.1911181
0.21951032
0.2083345
0.27344745
0.28552437
0.20992428
0.29604867
0.30188614
0.19953562
0.38605905
0.38313612
0.33618006
0.2041289
0.378533
0.36216837
0.30329737
0.21742389
0.18404314
0.2991835
0.21058455
0.2753172
0.3378806
0.3303413
0.26428795
0.30461547
0.3317468
0.24478218
0.32327646
0.18290102
0.32161543
0.22241192
0.26673287
0.17818871
0.2395204
0.30632582
0.20674895
0.23482364
0.3405945
0.24577835
0.23794414
0.22197254
0.21418035
0.30178156
0.21093245
0.27223969
0.22430937
0.26657435
0.22261475
0.22313896
0.27859586
0.28204805
0.24314359
0.19198035
0.2667214
0.34414178
0.22844467
0.27201566
0.23401229
0.37759653
0.19193593
0.33847862
0.2084418
0.27338433
0.33195812
0.26435864
0.32565236
0.2294027
0.1831001
0.22488725
0.22936219
0.30213633
0.26811686
0.2829452
0.3395954
0.37263447
0.2974597
0.21131827
0.2564848
0.26577312
0.14394401
0.28349394
0.256909
0.2493156
0.33435774
0.32177594
0.41991967
0.27089888
0.2857626
0.26868144
0.35618743
0.27574947
0.18605879
0.25057206
0.28883678
0.4247078
0.22606483
0.1995876
0.24696824
0.24895579
0.34530303
0.30029485
0.2906787
0.3521807
0.34238088
0.24509731
0.27329928
0.21439424
0.33910328
0.28144547
0.31409377
0.32690114
0.25379407
0.27979168
0.2086621
0.319653
0.3131312
0.23780876
0.20782271
0.20766038
0.2670497
0.25855118
0.25957525
0.38796222
0.23554234
0.29774848
0.35194683
0.20376042
0.2356494
0.31121218
0.29525417
0.23961426
0.32238907
0.23281828
0.31974465
0.25309452
0.23705259
0.3232579
0.31522438
0.256192
0.23060487
0.22603849
0.28464064
0.194269
0.22281127
0.23408785
0.22288965
0.21841533
0.38472643
0.35205758
0.23547563
0.29695603
0.16588204
0.3441842
0.31424314
0.2980262
0.24883455
0.26058206
0.27165106
0.2363855
0.31445214
0.22259232
0.255131
0.24466595
0.18561351
0.24861552
0.19875205
0.24877536
0.33526555
0.22123802
0.24747561
0.33336744
0.3336549
0.4005292
0.35440636
0.26362723
0.2711565
0.32404456
0.3553992
0.21168864
0.18406409
0.40163642
0.2819143
0.19743188
0.31053993
0.27692822
0.32454464
0.25747064
0.30157262
0.2179314
0.27902284
0.19588345
0.27932584
0.18209207
0.3117546
0.21409696
0.26795223
0.263602
0.19096285
0.19916874
0.2992993
0.26511276
0.18423957
0.27807993
0.3088715
0.3773892
0.3314302
0.3437074
0.20740658
0.33074483
0.34332708
0.25117353
0.35711324
0.18493776
0.29651514
0.3227967
0.3029407
0.23126711
0.24342014
0.2752159
0.25624463
0.3653116
0.2810839
0.26244462
0.17046377
0.24268197
0.33533132
0.35778096
0.325986
0.29538828
0.34899113
0.29441386
0.26147336
0.37851253
0.19744839
0.2949441
0.28882384
0.20297344
0.23057622
0.23037432
0.2602358
0.3639459
0.37042585
0.28124404
0.2668777
0.22229712
0.2073048
0.23337446
0.343781
0.21971165
0.30739912
0.36549628
0.26146108
0.296306
0.31127256
0.24116997
0.19352618
0.24923801
0.3688727
0.39380866
0.3189298
0.2345521
0.20245534
0.2884289
0.2713827
0.22020228
0.17648776
0.16898908
0.32226822
0.3258371
0.39772165
0.26412445
0.3015786
0.29511684
0.3583162
0.25086057
0.29997376
0.28695485
0.26924583
0.23901863
0.32013276
0.26505265
0.2984573
0.32433358
0.19863564
0.25637588
0.34224695
0.29782236
0.3211614
0.29834345
0.28131127
0.20066234
0.30124867
0.3367688
0.3300248
0.25602826
0.26779297
0.27946398
0.3105417
0.29409245
0.23022622
0.33924896
0.30675834
0.33914655
0.24612565
0.17191534
0.20776026
0.30684155
0.21768278
0.30386928
0.32050574
0.29764044
0.3744927
0.3568148
0.32538837
0.26929542
0.21703814
0.29955453
0.20768009
0.32961404
0.24281596
0.24513778
0.33021212
0.2563041
0.2575892
0.18209618
0.2875792
0.27690023
0.32120612
0.29578772
0.20041437
0.17148644
0.2473221
0.370065
0.2539532
0.19502811
0.24182232
0.33089513
0.36455178
0.33215612
0.35451633
0.34591118
0.26475906
0.27602333
0.18310879
0.15818702
0.2846255
0.29380214
0.19113898
0.25240552
0.22449948
0.24670549
0.29340386
0.19933565
0.3438005
0.23316753
0.24884875
0.28636956
0.3543556
0.27487302
0.24707693
0.26730213
0.28396824
0.19579524
0.23968282
0.3096638
0.2519934
0.27723822
0.23216936
0.22565964
0.22987542
0.23649125
0.27913302
0.32842255
0.23459557
0.3618679
0.2836199
0.30680376
0.30065975
0.26449123
0.36264977
0.326462
0.2670228
0.26036572
0.28118724
0.28445536
0.19384107
0.22917698
0.28242823
0.3523467
0.35271397
0.2789452
0.18909033
0.28928745
0.25188482
0.40341064
0.2647327
0.28135628
0.22186336
0.1583539
0.20907713
0.340054
0.2614091
0.2290237
0.28253418
0.29129925
0.19133677
0.3195767
0.35417157
0.16492248
0.21958461
0.36731288
0.20419462
0.29925755
0.33020997
0.17408158
0.2865449
0.4002135
0.33640575
0.3344887
0.28900456
0.24852014
0.30225563
0.25508025
0.35040092
0.2453865
0.22110441
0.33628842
0.23452313
0.21592487
0.26587117
0.24813977
0.2742308
0.33137405
0.3518818
0.29806787
0.25802127
0.2819156
0.26252717
0.25656754
0.25548878
0.3055273
0.26052463
0.27214
0.26982012
0.34415302
0.24708806
0.32140517
0.19361399
0.17601575
0.33366352
0.19522607
0.17201233
0.26688045
0.21648656
0.3750119
0.30238414
0.31218573
0.31561515
0.33780468
0.32920346
0.18744735
0.21247599
0.27864918
0.21523793
0.24828567
0.36350307
0.30489185
0.19283728
0.28049585
0.28319854
0.31839725
0.21195845
0.22942552
0.27502263
0.24800141
0.25187624
0.36376962
0.17468907
0.32835507
0.34597436
0.3728132
0.2617194
0.26289687
0.20328172
0.28707024
0.21222815
0.29328907
0.32720506
0.2885204
0.2780964
0.3260305
0.20433772
0.29743147
0.18015215
0.23536207
0.25964358
0.29550603
0.19017276
0.18610685
0.26152658
0.2095619
0.26849717
0.23477831
0.29261887
0.27804795
0.22636503
0.24394666
0.28764942
0.2669591
0.22283266
0.28479266
0.23332168
0.33486688
0.29496175
0.2217442
0.23727489
0.2012146
0.25196338
0.30263865
0.23609895
0.33113202
0.23257676
0.2741747
0.21093619
0.18381348
0.22275051
0.24884877
0.19206707
0.32868016
0.2647937
0.35554957
0.22354825
0.22046953
0.25572705
0.26203367
0.21161166
0.39271396
0.31066188
0.26931068
0.2891008
0.20361915
0.23677962
0.24243517
0.20047654
0.22317964
0.2704347
0.1970576
0.24872462
0.1875596
0.29800603
0.30241767
0.27532178
0.30626485
0.19930589
0.23292843
0.30625397
0.22489129
0.24986209
0.28184405
0.2593388
0.21599567
0.25451913
0.31112304
0.19626606
0.39121875
0.26309526
0.3033032
0.2799071
0.28022686
0.3767404
0.28886494
0.31053334
0.25097725
0.36200052
0.24075954
0.23044467
0.23231712
0.26005572
0.29298887
0.26545528
0.16666791
0.30861193
0.21653673
0.20706044
0.34106502
0.37724698
0.30903688
0.22566172
0.26145792
0.2446117
0.2809581
0.2852829
0.1866092
0.22504866
0.2003163
0.33320048
0.32889068
0.34522977
0.2795095
0.21495895
0.2030973
0.23000889
0.2743153
0.22883712
0.26019153
0.42959288
0.31966823
0.20836559
0.2297394
0.3000781
0.17581216
0.21255077
0.16454369
0.21147092
0.348559
0.24508135
0.26324224
0.24350956
0.24743243
0.18117435
0.23345937
0.1833343
0.28036085
0.33158526
0.23847489
0.3389459
0.25453115
0.33264616
0.22727709
0.24237435
0.2938216
0.23173219
0.19352771
0.28558558
0.28812474
0.16227959
0.3376233
0.2779017
0.28692943
0.33083996
0.31323752
0.28002313
0.42578033
0.24660474
0.17222187
0.3436705
0.33251777
0.22901386
0.2214124
0.249149
0.21807064
0.2877967
0.23286134
0.22090557
0.31226885
0.18662153
0.328192
0.2971085
0.3621935
0.19964878
0.28248987
0.41301963
0.28090185
0.23922455
0.26952568
0.33401826
0.25950438
0.20655556
0.16147058
0.24260065
0.27582896
0.3026332
0.27925363
0.27027318
0.3092431
0.22748828
0.3937881
0.22444555
0.23747467
0.29425174
0.27140146
0.2820143
0.21712154
0.19511528
0.3242039
0.2946174
0.27075008
0.35103753
0.35886794
0.16488118
0.21513128
0.31220427
0.32934344
0.29231507
0.28986788
0.18070443
0.18942828
0.31340614
0.17250673
0.32982668
0.342698
0.21669279
0.28790006
0.2273422
0.40229222
0.20978425
0.33195338
0.2801649
0.2987425
0.19535324
0.20606785
0.40607184
0.2598826
0.20872682
0.24588832
0.29754218
0.31212202
0.3114506
0.23064932
0.26719937
0.24262601
0.32634804
0.20864488
0.3174122
0.29577917
0.3492437
0.29018775
0.29824567
0.22532149
0.3083224
0.18449354
0.22199593
0.27549437
0.32946992
0.2494521
0.22577718
0.18027423
0.26679906
0.17635438
0.20077804
0.2711615
0.3625793
0.16302659
0.3186808
0.28072307
0.36047927
0.3184079
0.29778785
0.17578085
0.3069074
0.24581043
0.2491369
0.32063437
0.32992902
0.2605772
0.33043623
0.19701186
0.24607627
0.27219132
0.3510345
0.21338163
0.31292912
0.3267148
0.30505085
0.30523133
0.19701529
0.35074633
0.32682434
0.28664395
0.25878116
0.30287802
0.2625552
0.32054937
0.31789577
0.15293813
0.25576392
0.3712147
0.21430103
0.30991066
0.2821388
0.20074809
0.21215856
0.47933373
0.3264472
0.281686
0.2801643
0.30174544
0.20869873
0.28040224
0.32710683
0.28671956
0.35379854
0.2048727
0.23507074
0.3222704
0.28444555
0.1689418
0.3192027
0.30390495
0.26029354
0.3039922
0.25616282
0.24807787
0.29026112
0.22546218
0.35154665
0.17709038
0.16370289
0.20686015
0.39884877
0.17023526
0.27726877
0.3211838
0.29364306
0.2763863
0.24377269
0.2789148
0.29117382
0.3582391
0.3091913
0.22419715
0.28857732
0.29853642
0.26217636
0.29631087
0.2249428
0.38672534
0.3406764
0.19990993
0.15289794
0.25288644
0.26862112
0.30772728
0.24130751
0.2316318
0.33115315
0.31682438
0.20549934
0.3495334
0.20527704
0.28499702
0.28474647
0.1988963
0.29276517
0.29600495
0.22276276
0.20954762
0.16201338
0.3054915
0.20375319
0.27791986
0.19837242
0.22642465
0.2064706
0.3844026
0.29534468
0.33809462
0.37762251
0.25197524
0.30039626
0.18739785
0.19697428
0.36150166
0.31929842
0.34420806
0.25858882
0.36079517
0.27009925
0.18640414
0.3626467
0.2771851
0.24986367
0.28473204
0.28332335
0.30489174
0.25393954
0.23957343
0.24772361
0.17124406
0.24308288
0.2765235
0.19110906
0.3157707
0.23185289
0.24284412
0.21447553
0.32874212
0.31861353
0.25520626
0.29397455
0.19042651
0.29432318
0.20553847
0.37479213
0.30158088
0.28791642
0.26692975
0.3348476
0.20539196
0.1928973
0.20161362
0.23463617
0.28831533
0.2766005
0.2678603
0.3386084
0.34061858
0.35923585
0.27391416
0.16281088
0.29162213
0.31541282
0.17425145
0.25766984
0.32479444
0.256097
0.19919881
0.2761168
0.20187771
0.29929176
0.29254863
0.31425878
0.19566202
0.19096358
0.21352257
0.34350756
0.32567087
0.32184467
0.19851753
0.20020494
0.26236105
0.19668274
0.37007138
0.30846137
0.20195706
0.1814467
0.28636277
0.24374987
0.20475169
0.24957426
0.17971343
0.36148462
0.27640113
0.25112972
0.18703556
0.3401869
0.32575944
0.2942944
0.20971139
0.21604869
0.22759755
0.30906734
0.32013935
0.20489645
0.30623615
0.19541793
0.28680614
0.21892673
0.3061722
0.29292002
0.23942046
0.35865295
0.22391981
0.26215857
0.27907786
0.22139573
0.17343147
0.2249689
0.28852516
0.24028285
0.3386577
0.3160459
0.27272606
0.31346893
0.32603365
0.3080172
0.27061516
0.25524497
0.25020233
0.20787227
0.2515012
0.33159858
0.26730108
0.25791892
0.2180895
0.2951126
0.2963033
0.201031
0.20046164
0.2791179
0.33671397
0.2020658
0.31541142
0.25811934
0.27620277
0.23137625
0.3087777
0.2047401
0.32591256
0.3566396
0.3065368
0.23627904
0.23362826
0.3853549
0.33347982
0.27335125
0.36662626
0.39740518
0.25943902
0.33122665
0.28079507
0.29343474
0.2915088
0.34432203
0.335713
0.3388631
0.3598423
0.33571094
0.24594015
0.27931842
0.33488655
0.27507693
0.32490897
0.34332767
0.21472406
0.28370252
0.33425486
0.33685693
0.26712185
0.2897325
0.20985284
0.24136752
0.19553103
0.34240872
0.2761935
0.24277091
0.2596752
0.3029688
0.28317165
0.25711024
0.29781058
0.20446213
0.18295057
0.28896645
0.18340948
0.19935122
0.26904315
0.24430533
0.21385323
0.22051907
0.2077031
0.25991303
0.17737292
0.27165467
0.21649748
0.3326596
0.2886607
0.17146936
0.17372347
0.35568434
0.29253393
0.26718673
0.39540583
0.26326793
0.40343198
0.24841626
0.30943325
0.40445825
0.20409372
0.23282154
0.21358967
0.24542692
0.29463336
0.39952877
0.21992974
0.23546782
0.2715815
0.2678203
0.23330076
0.19106865
0.2480928
0.24729688
0.20744182
0.30834395
0.2269207
0.31334272
0.26986235
0.24393766
0.23065062
0.19220892
0.2465906
0.20668739
0.33856544
0.34154925
0.18487367
0.2424972
0.27933407
0.22809854
0.22782543
0.38108376
0.32592338
0.2931036
0.32665044
0.2819924
0.29079333
0.2241991
0.34601933
0.3220362
0.20634952
0.3051995
0.36203164
0.27638862
0.25183436
0.32731906
0.27278918
0.2238615
0.3568808
0.2675116
0.25919193
0.16790038
0.23717394
0.21680614
0.2777388
0.19885564
0.20305862
0.26195246
0.32047233
0.24804291
0.35429266
0.2873097
0.255258
0.26563227
0.25982133
0.4128559
0.18109524
0.2841261
0.16826923
0.2613392
0.36454868
0.35329738
0.30643275
0.26096153
0.3593159
0.22583453
0.22006136
0.23911886
0.24864931
0.22198766
0.19386257
0.2600606
0.3155378
0.35992873
0.23443966
0.16931123
0.3313435
0.2899107
0.19012396
0.2743301
0.32104155
0.26105526
0.23134217
0.34158024
0.19999643
0.30573145
0.19698475
0.1763792
0.20200029
0.35767323
0.29287714
0.27825955
0.32063073
0.3045205
0.39269304
0.29706708
0.17353559
0.24057126
0.3057894
0.270308
0.33311635
0.32988176
0.18019354
0.40911373
0.2058339
0.27631918
0.28953734
0.3165872
0.25892475
0.33516628
0.24552424
0.2958036
0.2770445
0.21621968
0.17237292
0.224088
0.26898605
0.31235662
0.27899012
0.22523096
0.37969822
0.27405876
0.23491026
0.258746
0.26087052
0.237396
0.35062614
0.31077522
0.2493681
0.21616597
0.28398514
0.32602444
0.19961831
0.36920753
0.35362715
0.26217443
0.20689672
0.21003406
0.19602627
0.37256637
0.23336431
0.22327767
0.3341987
0.2406026
0.2237743
0.3060716
0.20909256
0.2409506
0.32125765
0.24160326
0.30044904
0.2864049
0.20023471
0.26802453
0.27511585
0.17786953
0.18591511
0.2783717
0.24098054
0.2779927
0.28049612
0.1967921
0.24710232
0.33127886
0.23691817
0.2646047
0.21258359
0.34565812
0.28722498
0.28904185
0.24218827
0.3801602
0.32372886
0.21760042
0.21477841
0.28502217
0.15906014
0.4018126
0.26406097
0.26918027
0.23188186
0.24348107
0.3077841
0.3102122
0.18854031
0.35003287
0.32681966
0.32163158
0.20011775
0.24810132
0.29766014
0.28444847
0.24647428
0.25500533
0.2616988
0.25206006
0.1681237
0.26698592
0.24777311
0.26527983
0.2724033
0.2689283
0.2287123
0.25690472
0.27360243
0.34358615
0.23581256
0.22427925
0.23485711
0.27288446
0.38882288
0.3025549
0.1872676
0.26652053
0.27197105
0.23622467
0.15800044
0.2983329
0.33670437
0.24379374
0.20617001
0.31736237
0.3205934
0.2654308
0.2494607
0.3563499
0.3083372
0.24608013
0.31210268
0.27085796
0.35749182
0.3369771
0.37337056
0.2856086
0.25150794
0.2089863
0.38780567
0.1926591
0.25852045
0.35436028
0.25988686
0.3256857
0.25339928
0.23773412
0.19553912
0.34177276
0.21372211
0.28196925
0.32979384
0.22860558
0.2137534
0.22626911
0.20608765
0.36967993
0.3614227
0.24592015
0.24773964
0.34644008
0.26476017
0.31461766
0.26878676
0.21558908
0.30579275
0.23741056
0.37389916
0.3056704
0.43279046
0.3594647
0.2716949
0.15863574
0.27215937
0.23369564
0.20028926
0.32960775
0.25186607
0.22036217
0.29521924
0.28994727
0.31222713
0.22657128
0.18597494
0.24200726
0.32077044
0.26629034
0.28904292
0.2214895
0.37205362
0.25650287
0.3435894
0.20549783
0.23279579
0.2298282
0.2962641
0.31107166
0.16842394
0.25368416
0.26342624
0.33047956
0.2457913
0.28884292
0.17418042
0.36572734
0.288481
0.34778666
0.20549442
0.29526317
0.23721842
0.29903334
0.33761117
0.30079094
0.29375565
0.3841332
0.2228501
0.3757013
0.33701295
0.26331386
0.2661842
0.18627657
0.2563759
0.1902325
0.30110303
0.25219488
0.25859705
0.36577502
0.25407884
0.30667955
0.25589922
0.27439338
0.3058744
0.23264009
0.35629913
0.32859817
0.18221691
0.30246702
0.26724705
0.21749477
0.26188165
0.32317087
0.2960557
0.19456245
0.24201572
0.29556322
0.20801355
0.27126893
0.32237017
0.34404978
0.27488023
0.30504757
0.2643424
0.23906612
0.27597836
0.18050776
0.27904108
0.23312373
0.34825304
0.38876086
0.25394037
0.3429056
0.3509073
0.35450363
0.20862775
0.2983797
0.3066982
0.18606924
0.31873477
0.22451262
0.28694457
0.25040907
0.29932687
0.38224322
0.32873943
0.3158599
0.18052267
0.29580376
0.29384738
0.27529755
0.28973272
0.23342265
0.25700867
0.24978425
0.23956363
0.31662697
0.32067385
0.30819628
0.22652681
0.28692096
0.32782483
0.3567238
0.2972244
0.3564303
0.2856236
0.17371398
0.3076356
0.23729819
0.19651313
0.23352513
0.3352252
0.28475842
0.3200908
0.2589216
0.21046095
0.36461467
0.35201895
0.2787731
0.20143737
0.26421556
0.23285533
0.41524124
0.20844719
0.2627957
0.2042212
0.3154402
0.28701916
0.26583228
0.25292
0.34020776
0.2849107
0.24250714
0.2587417
0.25346756
0.4102118
0.18169469
0.24441394
0.28354853
0.26041636
0.33721748
0.23268527
0.22479916
0.20112944
0.2904224
0.22902487
0.23736113
0.3059234
0.34072706
0.35847688
0.3423538
0.34439793
0.30151385
0.34366992
0.2882499
0.22207516
0.18381631
0.19101065
0.21820559
0.29790843
0.27977997
0.15797731
0.32087114
0.24547409
0.3045504
0.40063617
0.29737666
0.17095602
0.31379864
0.28922272
0.19982566
0.31702873
0.23660842
0.25731048
0.25533953
0.2873104
0.31791747
0.24415247
0.2624326
0.36152562
0.21309379
0.22729203
0.3177036
0.35744327
0.29119012
0.2424396
0.25638437
0.18380594
0.21969405
0.30594528
0.2327795
0.2833013
0.16832142
0.2536954
0.24826367
0.36566353
0.34030226
0.20639542
0.24314998
0.3725778
0.21651551
0.32484615
0.20368387
0.2536736
0.3219512
0.3148557
0.29821175
0.28081384
0.34876984
0.3353229
0.26534924
0.3135227
0.31928483
0.271821
0.33987734
0.23192653
0.23638201
0.18260297
0.2570229
0.24880685
0.22428803
0.23084584
0.2988841
0.2383624
0.23460668
0.30290398
0.36114216
0.2733103
0.33786222
0.21205108
0.37888393
0.29711685
0.311838
0.3281204
0.2995154
0.20608972
0.25253883
0.18454899
0.32166195
0.30971473
0.2735304
0.3522527
0.29474452
0.27937618
0.35421994
0.18914683
0.23125182
0.37870088
0.26392472
0.34531805
0.24380122
0.30433476
0.2681396
0.24540408
0.28794724
0.3333016
0.30028397
0.29182142
0.32121074
0.2872242
0.2861044
0.2957965
0.32141548
0.27315435
0.33288398
0.27661514
0.19546829
0.37957263
0.33291763
0.25560293
0.31805253
0.32142767
0.20334913
0.21601854
0.2582688
0.18144995
0.20477058
0.20242877
0.2835196
0.3077904
0.26734266
0.3013132
0.23978071
0.2995311
0.29137796
0.3123262
0.28084326
0.24601248
0.2873644
0.269459
0.2620219
0.30423784
0.22368798
0.21889341
0.2980356
0.25361845
0.3198263
0.32018018
0.25270373
0.17929797
0.2732264
0.34692454
0.20622134
0.23134421
0.19614531
0.19030122
0.30561507
0.18877925
0.2142414
0.32053167
0.22773485
0.29865333
0.35088074
0.34556183
0.17963456
0.2124686
0.30622792
0.35313863
0.28093556
0.30188662
0.18644963
0.22748381
0.2955713
0.29378498
0.25131837
0.2588031
0.29062545
0.19746496
0.23539469
0.28077194
0.27252597
0.19545034
0.28073135
0.26972452
0.22518744
0.23739333
0.24017702
0.41427445
0.26540777
0.32293153
0.18783958
0.2864416
0.26253417
0.26708835
0.27855498
0.25559285
0.17952114
0.28564516
0.33081383
0.19549322
0.2167733
0.23694693
0.18468569
0.27361998
0.24978717
0.18734545
0.3644698
0.26859263
0.20967814
0.19596633
0.35428083
0.3036483
0.22625121
0.2955005
0.30445507
0.29292262
0.24759386
0.22725376
0.30463386
0.20984025
0.29313362
0.30664164
0.20428352
0.35941264
0.21506104
0.24914536
0.34775975
0.19993488
0.37362617
0.3160762
0.22998814
0.1885185
0.34289438
0.191612
0.18329129
0.412114
0.21827108
0.22651
0.26455408
0.24836363
0.27456453
0.3946787
0.33311406
0.2356039
0.24751268
0.2344879
0.30183727
0.29731876
0.17868544
0.29343703
0.28608286
0.33453873
0.23269396
0.2505163
0.19741513
0.27307743
0.329899
0.20974652
0.27332976
0.2660572
0.2015788
0.27541223
0.21140502
0.21290386
0.3385926
0.2866094
0.14693488
0.20627217
0.26517236
0.36547673
0.31013912
0.3124298
0.25635687
0.27110994
0.32331818
0.27048704
0.3365672
0.273397
0.24790984
0.16920619
0.32590693
0.37979046
0.24431549
0.33035612
0.29422718
0.29976183
0.17023548
0.237599
0.25986722
0.26408455
0.32151952
0.2649671
0.2246126
0.23820668
0.25516573
0.26240468
0.3957808
0.26816344
0.2654045
0.3660896
0.33717796
0.19750655
0.2347016
0.24498709
0.24245726
0.32092765
0.27093282
0.2569634
0.25666183
0.3256731
0.3145873
0.23230785
0.32056803
0.35050857
0.3190655
0.19535463
0.20212893
0.2552041
0.19151092
0.22732715
0.28197265
0.22576945
0.1759918
0.21174745
0.19076669
0.16813621
0.337081
0.28473216
0.21139115
0.19064575
0.26345187
0.3653791
0.25247735
0.25520986
0.26586127
0.27825147
0.25595427
0.21639489
0.26859307
0.22048861
0.2547096
0.3541208
0.3318041
0.2897892
0.17800558
0.18290316
0.27944705
0.30286038
0.18260506
0.23353714
0.33279306
0.28278106
0.38796705
0.23327413
0.2964099
0.23466997
0.27684352
0.26804218
0.24028541
0.27758515
0.27167034
0.26289153
0.38130853
0.3734104
0.26769924
0.18501784
0.36471605
0.25141785
0.18495755
0.31580085
0.24868934
0.3370695
0.2699569
0.29155216
0.19623129
0.25422874
0.23946317
0.178736
0.35279423
0.2553965
0.28929177
0.31158748
0.25272548
0.35439673
0.28872135
0.25131485
0.2075925
0.2642289
0.24945979
0.29357418
0.29016763
0.19099294
0.22560652
0.21907568
0.24470054
0.18692325
0.25326172
0.37814242
0.1932383
0.291982
0.21027897
0.30182266
0.29877627
0.22105405
0.22457388
0.23599677
0.29106832
0.25919825
0.32233548
0.16223061
0.29069865
0.23311295
0.3008147
0.30780852
0.31991354
0.23966193
0.31520972
0.27950904
0.23348519
0.37426323
0.3155886
0.31490165
0.20483573
0.22818719
0.28314793
0.27050483
0.2941956
0.29509243
0.15807727
0.30580994
0.2575551
0.14760214
0.23410213
0.3162341
0.359062
0.40947905
0.31963527
0.28748477
0.25375235
0.3439864
0.23920102
0.2858573
0.26691377
0.27511546
0.30702016
0.2033711
0.23184974
0.29975262
0.26261416
0.364103
0.24783698
0.24605188
0.27330297
0.29982442
0.24204196
0.27867636
0.20896366
0.16508542
0.35587168
0.25058854
0.20610414
0.29137176
0.3527518
0.2542389
0.23023945
0.35310823
0.2173819
0.3271356
0.27406618
0.23090728
0.2949421
0.27877235
0.27448142
0.27956235
0.25575754
0.2711854
0.17844266
0.21380702
0.40016553
0.3972669
0.28045258
0.25166836
0.36930606
0.2672
0.2271676
0.21919084
0.34680638
0.20975345
0.30864185
0.20810443
0.29963958
0.2882241
0.22271055
0.33811477
0.22325984
0.35764262
0.18461181
0.3309161
0.29853073
0.31842512
0.22799817
0.23153949
0.37984502
0.30045316
0.19695577
0.21502608
0.25831518
0.29083112
0.14603373
0.15362406
0.21522422
0.21788359
0.32062894
0.3390871
0.28111205
0.18575048
0.2831991
0.3495859
0.2838066
0.37415418
0.2969404
0.19130051
0.22738327
0.20091206
0.1847549
0.1607316
0.32383853
0.19170962
0.16396348
0.3113292
0.3153698
0.1904004
0.19794703
0.311064
0.32641858
0.31924716
0.27929094
0.31693923
0.23663819
0.21932435
0.20342098
0.2684019
0.24201146
0.25876197
0.30285022
0.2415267
0.25198302
0.20614453
0.29472718
0.30272624
0.29336455
0.31940907
0.33286566
0.24904007
0.3390347
0.27367663
0.18704581
0.24428304
0.271233
0.19597068
0.18983138
0.20219044
0.39324385
0.21500799
0.22761619
0.22807159
0.2537409
0.29155666
0.32486114
0.22941303
0.26115105
0.17704622
0.21032041
0.28890306
0.21276757
0.24772629
0.19446449
0.2328266
0.1995023
0.23810825
0.3112872
0.28808138
0.2295259
0.29266
0.22014877
0.22559385
0.28695092
0.308732
0.22129332
0.32154074
0.3308777
0.25333855
0.20815337
0.34791607
0.29322997
0.19347249
0.2999763
0.16789508
0.2820265
0.3583375
0.20653035
0.33673733
0.1856972
0.342989
0.31543413
0.20320958
0.27464792
0.2691296
0.23667197
0.20100361
0.2509657
0.258439
0.19701457
0.24840207
0.24836554
0.24769379
0.2526291
0.28499332
0.26925343
0.34232143
0.27533346
0.38781238
0.4072382
0.25572345
0.29361987
0.29769295
0.3010868
0.257361
0.3371401
0.3766567
0.19022541
0.2267719
0.23818249
0.2927865
0.26997337
0.3106855
0.28157437
0.37606272
0.2627724
0.25840604
0.32390106
0.21229897
0.19727683
0.30787465
0.2562349
0.32624537
0.2741685
0.2030774
0.26405042
0.18922667
0.3038167
0.2724662
0.21632881
0.28911442
0.25446147
0.2921835
0.3888765
0.22939515
0.31015125
0.41355643
0.2353454
0.30835074
0.19479905
0.29621994
0.20215535
0.2564591
0.22975028
0.2538079
0.23039813
0.21578804
0.3360398
0.22404109
0.26512104
0.2444984
0.29140565
0.27918342
0.24513851
0.25713074
0.23554288
0.2006843
0.24502768
0.26770428
0.2841849
0.19246562
0.2717275
0.33647707
0.2401782
0.32393286
0.32174155
0.37391818
0.22408359
0.22764835
0.20714656
0.19689196
0.2204961
0.18983178
0.22900395
0.24503545
0.35387743
0.28362766
0.20621814
0.3049726
0.34921542
0.27022806
0.3729671
0.17160474
0.29613635
0.27983558
0.36122066
0.23557983
0.34447244
0.32776132
0.2889811
0.29623824
0.19852866
0.32609007
0.22813469
0.3289662
0.41500992
0.20545506
0.32866436
0.25532907
0.22269969
0.23827825
0.32910427
0.25289804
0.272341
0.35257182
0.18441087
0.23501715
0.3037155
0.19720131
0.19048229
0.2114528
0.17598662
0.34850273
0.26385942
0.17216991
0.26477426
0.19805072
0.22134747
0.26403877
0.25355136
0.2681613
0.2337166
0.28699732
0.31800896
0.269576
0.14903685
0.25933328
0.3970337
0.31475636
0.35735944
0.3556001
0.23929071
0.29238808
0.2908579
0.2674315
0.25717935
0.2680118
0.17441516
0.2982529
0.30001214
0.19027913
0.24388729
0.36590776
0.20911644
0.29651523
0.32051647
0.29534885
0.21361953
0.31438065
0.2950744
0.30031002
0.26256183
0.18403073
0.3674553
0.2499869
0.1909706
0.25906214
0.39515385
0.20688722
0.14736362
0.2997401
0.32152233
0.23907186
0.23029578
0.2882025
0.33375296
0.25924405
0.2581754
0.24868052
0.38126305
0.29944763
0.21359804
0.25995293
0.22273129
0.18570246
0.30612195
0.22793968
0.24531624
0.29862887
0.32686
0.1985483
0.1963205
0.2432936
0.31498247
0.17639089
0.35851082
0.26860902
0.20016955
0.18269575
0.31841126
0.21480788
0.25952354
0.2896667
0.2759698
0.20942174
0.24366185
0.32488593
0.2502839
0.26103717
0.256184
0.20905404
0.2720285
0.32657763
0.2114407
0.38893598
0.28357643
0.30327013
0.20460932
0.262309
0.31769413
0.28319326
0.38278362
0.14435415
0.23165706
0.25311506
0.37953314
0.36983016
0.22889674
0.29828718
0.21110682
0.19253981
0.31147075
0.213725
0.30602178
0.20315208
0.25025633
0.24766564
0.2808145
0.22968577
0.2114131
0.33393896
0.20325463
0.22790459
0.21063153
0.18161236
0.24114135
0.22921981
0.31261143
0.32702285
0.17628406
0.2718704
0.18983679
0.29647908
0.27485284
0.2713841
0.30435118
0.23929153
0.21613216
0.15505114
0.33705035
0.16587548
0.24691421
0.34401757
0.23392849
0.24627988
0.21797076
0.22309685
0.33782095
0.3348782
0.2136268
0.3717169
0.18900457
0.24950475
0.32388014
0.22752056
0.34668362
0.29329944
0.24756193
0.2677133
0.27247876
0.2744011
0.3306978
0.26127428
0.23884924
0.2655157
0.2908571
0.22261271
0.19028214
0.28884977
0.31240138
0.30253074
0.23986773
0.25539684
0.3056864
0.32517034
0.24820296
0.314494
0.20965777
0.2712225
0.20818132
0.3217746
0.35927692
0.3715832
0.37244937
0.280175
0.22554806
0.35189423
0.30916667
0.35772818
0.26025456
0.17761599
0.20910013
0.17845471
0.20761788
0.28680435
0.34752652
0.2548567
0.22433333
0.33005226
0.36569217
0.27806348
0.26366943
0.23965693
0.39235878
0.23952055
0.28300226
0.2825083
0.1832831
0.32517698
0.23643072
0.22108445
0.29729685
0.2105354
0.26841524
0.3256258
0.21716371
0.29204857
0.29128373
0.2512914
0.20197569
0.3141054
0.21913004
0.2104183
0.17343335
0.23900309
0.20028447
0.33624446
0.19719334
0.21813163
0.32562882
0.2180657
0.38510066
0.22893795
0.34137577
0.24058492
0.32032168
0.3127494
0.31419805
0.28943697
0.18347183
0.23880626
0.30674446
0.36623183
0.30770388
0.28316242
0.24601558
0.31370565
0.31750947
0.39532736
0.3057505
0.23279893
0.28031892
0.23322737
0.2832814
0.1923974
0.3020797
0.16703486
0.3210992
0.35856327
0.23355998
0.26772624
0.20108557
0.22734503
0.24321464
0.27626246
0.25274208
0.16870421
0.40954733
0.17938851
0.24929696
0.24276488
0.33293423
0.3811684
0.1974502
0.3307982
0.272851
0.22023207
0.35481152
0.23211332
0.3019083
0.3012774
0.1910368
0.2127074
0.23450977
0.22843833
0.18692099
0.20977032
0.2669511
0.24605761
0.37748498
0.18609142
0.34252617
0.27762693
0.32956126
0.20306969
0.23050582
0.28023636
0.31174394
0.28705817
0.21660775
0.33756697
0.28628463
0.19575821
0.22487889
0.22882798
0.22663744
0.33939797
0.22135997
0.28392392
0.33217993
0.31263244
0.23907259
0.31330806
0.28401867
0.32276794
0.34329972
0.28376675
0.23838685
0.3166827
0.23272413
0.28218937
0.26113942
0.33703253
0.2616928
0.32072008
0.36069515
0.23316772
0.31407332
0.31579578
0.27598986
0.2678323
0.29565245
0.28693655
0.18645588
0.24612539
0.31007844
0.2900968
0.23906834
0.24597792
0.32821345
0.283293
0.34993574
0.3300086
0.36416474
0.29915518
0.33475572
0.27052125
0.3311412
0.21004154
0.25163817
0.25633124
0.33995664
0.29042265
0.29023498
0.25080872
0.23779117
0.27895907
0.23818342
0.21729404
0.19855553
0.32574883
0.22062445
0.13422722
0.27523482
0.30675167
0.18139343
0.2612216
0.28136566
0.26675215
0.18660527
0.23965238
0.24132039
0.32317576
0.23942907
0.22391857
0.21046309
0.1484957
0.19735458
0.28756002
0.28447485
0.18322423
0.25505677
0.31823134
0.17249285
0.27464682
0.18188603
0.2041403
0.33598614
0.2594648
0.18718107
0.26357302
0.19883037
0.26028553
0.20006326
0.20275167
0.2814977
0.37188038
0.30319723
0.31241077
0.265795
0.19740093
0.2144093
0.31338462
0.3912496
0.20564102
0.2975162
0.22838464
0.20381698
0.2698126
0.3266929
0.31809154
0.28366718
0.26960313
0.17373748
0.2698361
0.30109093
0.28293929
0.23098117
0.3343301
0.2995677
0.21214552
0.22219121
0.27133387
0.36891025
0.25561577
0.22631256
0.3211429
0.3315977
0.18939732
0.16964495
0.2510748
0.27844134
0.20893487
0.2917934
0.2890618
0.19568647
0.2647017
0.29244047
0.1941954
0.3691721
0.28078598
0.16974533
0.3306064
0.23185754
0.41629365
0.27710423
0.26274464
0.21594799
0.1787636
0.30958807
0.28941584
0.2970564
0.24589036
0.31727797
0.25916606
0.30308604
0.20012121
0.25163412
0.21974772
0.26293126
0.23683484
0.30357963
0.2333353
0.20389095
0.31576085
0.18236738
0.22789714
0.2090052
0.3343312
0.19946373
0.19282065
0.26164094
0.28425798
0.32590172
0.28873083
0.22692947
0.24231108
0.24298102
0.3409149
0.2188144
0.24461386
0.2633615
0.23541668
0.31966045
0.20066945
0.2580198
0.22425646
0.24790227
0.28288373
0.26467982
0.31207156
0.33509457
0.186955
0.36319575
0.3423635
0.17552893
0.34901494
0.3867546
0.21113351
0.31214285
0.29683217
0.34562758
0.33916676
0.27531427
0.23337522
0.28361827
0.17979576
0.20883495
0.20860477
0.22123411
0.29601002
0.2525761
0.2993415
0.23395917
0.18718283
0.2626381
0.23510315
0.28257316
0.27571526
0.33777627
0.21404558
0.25609472
0.2756689
0.26465437
0.3282207
0.29852077
0.30298105
0.2608911
0.36784217
0.3152299
0.31929612
0.2148015
0.20544103
0.2984341
0.18784462
0.24606806
0.27824634
0.24104093
0.2112423
0.28621903
0.33427835
0.32437834
0.30278936
0.2781083
0.339708
0.3049304
0.30694798
0.2826782
0.25842345
0.24636427
0.23000324
0.18685597
0.3372441
0.21142398
0.31993407
0.2796447
0.33743107
0.20835435
0.36439663
0.25986096
0.3831732
0.32471585
0.30401987
0.20811673
0.32605496
0.2731038
0.27638334
0.27850732
0.25596017
0.31332868
0.32758304
0.24504432
0.27220795
0.19612786
0.25852504
0.35695556
0.18485342
0.39551204
0.30912188
0.22607778
0.27699122
0.37511978
0.2903359
0.39930305
0.34524286
0.27689657
0.20406775
0.26816642
0.23210405
0.24809688
0.22423139
0.27563736
0.20127706
0.35873282
0.23073663
0.19429855
0.19962534
0.28838757
0.3094029
0.28929865
0.24314265
0.26588053
0.26534018
0.34964073
0.23706615
0.24564725
0.32784876
0.25115386
0.22853184
0.26995042
0.28241926
0.2159174
0.21061088
0.2644139
0.29361346
0.23928656
0.32986775
0.3146885
0.34321892
0.23244143
0.24840593
0.21495622
0.36706832
0.2856276
0.21756797
0.20094518
0.26043773
0.23549245
0.23150599
0.26680297
0.17834044
0.22103082
0.3124812
0.32719895
0.23649094
0.2636607
0.28606436
0.3711864
0.30051932
0.2550858
0.30855826
0.25243467
0.24748951
0.3185757
0.3018955
0.33729583
0.27905673
0.21286389
0.28035307
0.17885101
0.26031753
0.3533331
0.28582004
0.23844793
0.25068444
0.19328572
0.25889105
0.28063464
0.2998562
0.32240546
0.31373233
0.27946314
0.3474606
0.2844133
0.21476425
0.2649757
0.39953524
0.27228868
0.3283727
0.35567486
0.2930103
0.19603993
0.1864386
0.25432748
0.21827516
0.29771563
0.2110819
0.2960418
0.3282042
0.22924192
0.30782115
0.30224028
0.19855347
0.25680184
0.28400618
0.2938579
0.3012997
0.30945632
0.24496108
0.26607397
0.2909729
0.32152286
0.25002488
0.24472532
0.25628763
0.24919285
0.35727593
0.287809
0.22603077
0.24190651
0.44746155
0.3584833
0.25824264
0.21333557
0.26415363
0.22806051
0.2773752
0.17218557
0.33185753
0.24164312
0.23240979
0.1743102
0.2194154
0.21537521
0.35342854
0.28157106
0.2944165
0.26965758
0.21710606
0.2775839
0.2355725
0.32673165
0.3797046
0.23088457
0.31200862
0.25301856
0.20517638
0.24107827
0.30645114
0.33151817
0.2845293
0.28185174
0.3004758
0.29838347
0.31276506
0.3642259
0.30424595
0.30140057
0.25492755
0.20525889
0.24632448
0.18011196
0.21693772
0.23337284
0.27042097
0.2821447
0.3949866
0.31688005
0.2501647
0.29327044
0.20243634
0.19625089
0.3511113
0.25740716
0.2847307
0.21586992
0.26544806
0.37614042
0.26007333
0.27195933
0.32760826
0.38164452
0.19771807
0.26114565
0.32282922
0.3221152
0.2847345
0.2773532
0.3256032
0.26201904
0.26074475
0.18310535
0.25361177
0.2895588
0.2577601
0.23768093
0.28845352
0.22699548
0.28683347
0.27108255
0.26277217
0.28053445
0.3641243
0.37415695
0.31455886
0.22669958
0.3169541
0.2643672
0.38735393
0.26431438
0.18536477
0.3154936
0.29473522
0.3233648
0.19727302
0.3291959
0.25726947
0.17931846
0.2338576
0.236892
0.27436736
0.17767735
0.27368748
0.33222204
0.34604132
0.20749396
0.26112476
0.24802119
0.22656241
0.29882812
0.30090755
0.24264158
0.39759427
0.20479892
0.31607825
0.3578481
0.3995549
0.18109164
0.2341502
0.30615819
0.21995339
0.31606883
0.2023113
0.30399433
0.38636762
0.21689379
0.28752127
0.31539702
0.23283987
0.21767013
0.24114035
0.3076397
0.21828781
0.31241137
0.30927548
0.16447583
0.1859305
0.24322227
0.33506763
0.31565428
0.34403375
0.25574064
0.2749187
0.21773922
0.18082933
0.19784543
0.2578565
0.18945056
0.216013
0.2253176
0.19054171
0.14611031
0.34145635
0.24618813
0.24983394
0.29055923
0.27499834
0.1878542
0.31037965
0.28774577
0.35046864
0.2092362
0.18817872
0.16329017
0.21483368
0.36791694
0.26152104
0.22028457
0.24071452
0.2724569
0.20349649
0.2873926
0.2675088
0.18315753
0.19649933
0.18140912
0.26696092
0.31967175
0.22387432
0.34243035
0.3129439
0.20536262
0.39205667
0.3084322
0.25557593
0.21939227
0.23686872
0.18492712
0.3215636
0.26715067
0.2610645
0.2992337
0.28652617
0.36304063
0.27203533
0.35062885
0.3734491
0.38495636
0.25733864
0.3303942
0.29547688
0.26005247
0.23087592
0.27555895
0.23681958
0.30613378
0.3337009
0.31317702
0.2428794
0.2737819
0.24589913
0.22401528
0.3798565
0.23495966
0.31146103
0.285295
0.34180582
0.21400523
0.19156288
0.26673198
0.33103052
0.35570177
0.2621999
0.26341024
0.2886664
0.18958588
0.31033477
0.3206313
0.3246527
0.3180254
0.21192929
0.2603229
0.21686487
0.2959677
0.25147328
0.28951797
0.26415652
0.35181713
0.3218971
0.34361067
0.29642063
0.3469537
0.23411597
0.21822369
0.22893883
0.2401878
0.21157493
0.2525771
0.24019477
0.2775199
0.2819684
0.28219903
0.27006957
0.2225105
0.3140958
0.25801224
0.23137996
0.2706252
0.32766062
0.24109855
0.2539704
0.19207
0.21576366
0.2187159
0.3625234
0.31190327
0.33675742
0.24787058
0.2034106
0.3474082
0.26040027
0.2840637
0.25826105
0.32594952
0.18554604
0.27016094
0.19696888
0.17873994
0.2974521
0.2531443
0.27117017
0.2240073
0.28684962
0.23751573
0.22595133
0.38046935
0.271661
0.35004398
0.34316677
0.32569504
0.26184055
0.22012869
0.39765367
0.27600554
0.25618
0.23601316
0.20472531
0.38098302
0.30815583
0.28371337
0.30308214
0.21593755
0.26547852
0.22745676
0.2362376
0.2712885
0.24857068
0.19582857
0.25828207
0.21495079
0.25232115
0.21459937
0.31303474
0.22137131
0.16427767
0.28759816
0.25794554
0.30464527
0.23036285
0.33526993
0.38640672
0.31667504
0.27609348
0.2716808
0.19584657
0.27892178
0.22925995
0.33859444
0.29861528
0.30144975
0.4007008
0.29933015
0.27461058
0.33347324
0.26722413
0.25110888
0.32088146
0.3317772
0.25431737
0.1741422
0.2094813
0.24312116
0.23078893
0.2294285
0.27495494
0.29105368
0.2920529
0.28183168
0.24355948
0.3357515
0.22902049
0.23983803
0.33111763
0.28932825
0.30684933
0.21914136
0.27128902
0.21184026
0.2765617
0.2511817
0.19792941
0.25457045
0.3082519
0.33784854
0.3653048
0.1893567
0.21138221
0.27350914
0.3493617
0.2725072
0.31466213
0.21646489
0.31573766
0.31609824
0.24998367
0.2652903
0.3390284
0.29538286
0.26089427
0.2518015
0.28772095
0.30460143
0.19752635
0.18045917
0.2857172
0.2127838
0.27685797
0.18361028
0.21659906
0.27503222
0.28009272
0.19595784
0.250711
0.31665066
0.23891383
0.20624384
0.30800113
0.1798736
0.2902697
0.2961472
0.29033652
0.2981529
0.19464783
0.21422708
0.301379
0.35527942
0.1756377
0.28765896
0.29431662
0.23218063
0.27670804
0.30761874
0.30036002
0.26135403
0.23173189
0.16306725
0.29246932
0.20349863
0.29823133
0.27054876
0.36480832
0.18431984
0.2684742
0.33412975
0.30299777
0.3595399
0.26390198
0.22636381
0.1857076
0.25514767
0.28371197
0.314052
0.4215741
0.3334146
0.30805036
0.24342142
0.17200589
0.27904183
0.30189836
0.23591213
0.32656917
0.2559723
0.18709642
0.2901272
0.3801704
0.21877816
0.22022617
0.2858977
0.32981163
0.28832304
0.3125819
0.19381514
0.27813977
0.2550391
0.2825221
0.2650585
0.25671333
0.32359457
0.21148968
0.41160843
0.31330565
0.31587225
0.2715314
0.25881144
0.2856541
0.18444222
0.202757
0.16452272
0.22669594
0.30026197
0.31397614
0.21128777
0.24761476
0.35872212
0.29640388
0.2438121
0.17532562
0.3165347
0.28460172
0.29632384
0.23232509
0.26942536
0.20059504
0.3178548
0.30778363
0.18116559
0.28378266
0.33507565
0.24667445
0.18984817
0.3629622
0.36276704
0.21553902
0.24645461
0.24937692
0.28906468
0.34764698
0.25268558
0.28774253
0.21968834
0.23957135
0.21263072
0.20957182
0.2786201
0.29007003
0.22580926
0.24884692
0.29689488
0.28972292
0.21826169
0.33648872
0.29799327
0.32133013
0.23380356
0.27749896
0.31957045
0.27026778
0.26766926
0.37407833
0.32744446
0.34076938
0.295459
0.19607604
0.18487513
0.22776629
0.18522613
0.2281483
0.17522341
0.30908108
0.19779372
0.24485677
0.2457012
0.34367383
0.2581949
0.24568017
0.24819608
0.23557177
0.3459863
0.2490853
0.39837998
0.24947263
0.29241174
0.20611235
0.19800799
0.22491606
0.3451187
0.30506596
0.23441963
0.2773712
0.271645
0.17226088
0.28678173
0.25896057
0.26879975
0.28380656
0.29828078
0.22535992
0.19863549
0.2538083
0.25449
0.24299027
0.24872176
0.30163264
0.26257807
0.2251426
0.23509037
0.32590735
0.24492887
0.26308987
0.24587443
0.2657407
0.26111832
0.26768574
0.3032175
0.33172202
0.29137918
0.26533404
0.18834127
0.3571057
0.19509614
0.29567885
0.28656462
0.31280205
0.25416207
0.33156905
0.32678115
0.3081386
0.21864122
0.20477548
0.23563893
0.25342184
0.3246229
0.27477282
0.3012569
0.23897684
0.3091252
0.20088646
0.31826645
0.24419364
0.22626752
0.33288205
0.2735393
0.3069636
0.33862633
0.2443904
0.32872936
0.27291748
0.37075916
0.26647952
0.3290947
0.29314303
0.24595366
0.26937363
0.24641307
0.32894957
0.32448325
0.19608511
0.32584938
0.27123603
0.30908
0.27118605
0.2643765
0.23581716
0.27616218
0.24205463
0.24082768
0.23908596
0.2632882
0.32354933
0.25556841
0.13610867
0.15129821
0.30976182
0.20361117
0.2760219
0.28350523
0.25573736
0.1890295
0.19832382
0.16207448
0.24512964
0.25699428
0.2916191
0.26489273
0.26294237
0.15962844
0.20203556
0.25007173
0.20157163
0.22369319
0.37783593
0.3040765
0.31626326
0.30396265
0.17674015
0.22251883
0.1897065
0.29105276
0.21756911
0.25764716
0.35600558
0.25543177
0.25923952
0.25389546
0.29737893
0.29964495
0.38687664
0.28344235
0.3124416
0.2955989
0.28069797
0.30012655
0.33391196
0.39473647
0.3462151
0.17222275
0.25972545
0.2344882
0.25175133
0.27123457
0.27336836
0.28626755
0.33438104
0.3737253
0.25401852
0.20525044
0.22196177
0.21367873
0.23963432
0.18399544
0.19481255
0.2947951
0.30627716
0.21409833
0.2044026
0.24058414
0.2382046
0.31172982
0.36600322
0.2699025
0.17082487
0.22295931
0.24559759
0.31721717
0.3028282
0.38429248
0.22548488
0.3110412
0.22784823
0.25909996
0.23368426
0.27290833
0.19127852
0.17265835
0.25579262
0.29379037
0.397263
0.24297917
0.3026576
0.19376262
0.18752737
0.298744
0.2080657
0.22791179
0.137048
0.32667854
0.2338498
0.26205486
0.19959216
0.27118132
0.22368537
0.26996103
0.25554374
0.29686317
0.2690724
0.20230491
0.22954984
0.19317582
0.29701206
0.28412572
0.24528183
0.20998223
0.1986942
0.24289119
0.21121573
0.38306206
0.25291425
0.34435475
0.23989525
0.2492994
0.2676132
0.23476717
0.29744408
0.21141961
0.27218953
0.26309323
0.18726848
0.20186986
0.22186556
0.35132822
0.18611318
0.27881595
0.3449959
0.2517655
0.25758114
0.30851188
0.3397145
0.1816425
0.28893822
0.26006228
0.28175595
0.18250462
0.29066035
0.26785958
0.4026743
0.35379305
0.2836164
0.22007723
0.15653008
0.21887034
0.26271948
0.4026199
0.19511186
0.3086911
0.21756561
0.18942866
0.26020515
0.34341854
0.19045028
0.31796938
0.17448555
0.16584009
0.29271537
0.25835449
0.17742161
0.28863212
0.25562477
0.27066827
0.22901566
0.38639233
0.21277432
0.14763328
0.21434654
0.25468495
0.16283794
0.34798163
0.2386926
0.316349
0.24714535
0.31396347
0.2790883
0.2945063
0.20726533
0.33847106
0.35255584
0.35676956
0.36751273
0.3358751
0.3067363
0.29025286
0.18474592
0.31954563
0.2722088
0.36646158
0.20529827
0.2807361
0.29561245
0.23600551
0.28577846
0.2481547
0.24400802
0.18076935
0.16311973
0.38397548
0.20517337
0.24159124
0.32498467
0.38659447
0.28768414
0.3814079
0.25356698
0.32044357
0.28535333
0.25971627
0.24299069
0.20292917
0.38776883
0.2646591
0.21024238
0.22283287
0.35905653
0.18045303
0.24542697
0.18197338
0.27600247
0.31803712
0.3126229
0.18289259
0.30689314
0.35871136
0.17112452
0.18084735
0.26250377
0.34156287
0.22743551
0.3957467
0.35033152
0.33034062
0.22771892
0.31189018
0.2811232
0.29146662
0.3126832
0.25623396
0.20853707
0.25368625
0.19840057
0.22053887
0.25129208
0.18802167
0.2597623
0.2559488
0.3314951
0.27213037
0.23639877
0.25318548
0.36878085
0.29721132
0.28875542
0.17520176
0.23635139
0.3473495
0.27222422
0.2398705
0.18943551
0.23242192
0.24554403
0.184674
0.2660897
0.2938949
0.29066443
0.33968934
0.32182756
0.23108342
0.18084338
0.19224167
0.28017938
0.36740908
0.18194574
0.24469158
0.27917156
0.27685022
0.28919065
0.232966
0.24112707
0.33954686
0.26748523
0.1975988
0.16179359
0.35791004
0.21887286
0.2107973
0.2987882
0.26005006
0.21886025
0.17012334
0.35695088
0.3026673
0.19081289
0.22984378
0.2667067
0.3640056
0.18412428
0.21169762
0.28314906
0.18751357
0.33573872
0.18072934
0.2011733
0.33686584
0.22299235
0.23666672
0.30082422
0.24161474
0.31658027
0.18302931
0.28253087
0.2512101
0.22132644
0.27432814
0.25731373
0.2533015
0.22920418
0.25062317
0.21237014
0.26458797
0.25105363
0.2676728
0.18041725
0.3028864
0.29436898
0.23393261
0.33862144
0.33491075
0.29824567
0.3402825
0.23964298
0.24732803
0.27213523
0.33182997
0.2482531
0.24195832
0.32513568
0.24941792
0.21655867
0.17672426
0.2831779
0.24433671
0.20642354
0.37946156
0.27202076
0.25030002
0.33238825
0.24218975
0.2521106
0.24808638
0.37142542
0.3402268
0.22575161
0.195548
0.26648724
0.27416867
0.23094635
0.34561333
0.2937363
0.20847654
0.31042516
0.2531806
0.32353225
0.22691476
0.23977311
0.29554713
0.30746642
0.2789129
0.31721017
0.33058375
0.2880366
0.21759966
0.20625986
0.23137444
0.39977777
0.33642757
0.26824585
0.23329908
0.25939658
0.38495183
0.2608323
0.30776006
0.23556489
0.24422929
0.17122109
0.2713737
0.26377198
0.2617191
0.26937535
0.28496915
0.2956053
0.2854229
0.25899962
0.31445915
0.25191256
0.1888822
0.26766166
0.18904775
0.3735043
0.31503183
0.24197584
0.3082961
0.30778053
