0.22727351
0.18985046
0.41875625
0.28831962
0.4921792
0.36830172
0.45223165
0.17009251
0.30938303
0.5061521
0.37607566
0.35510516
0.21370845
0.22844048
0.39663818
0.4786915
0.22161663
0.3983952
0.3985784
0.5686529
0.4458884
0.4676613
0.26553187
0.43844342
0.42329833
0.44634733
0.38814652
0.30536547
0.53411466
0.32766744
0.43177053
0.5858869
0.4144093
0.42029464
0.4422808
0.39379033
0.44138983
0.3838574
0.35683325
0.2249136
0.41287318
0.3745018
0.17905538
0.21417718
0.4529998
0.18463683
0.32501796
0.4613993
0.36490643
0.48335728
0.3209268
0.32323897
0.35180214
0.24773483
0.44491783
0.38335595
0.31806526
0.34810054
0.49980387
0.2429226
0.22778857
0.39786932
0.29636493
0.22092211
0.45483497
0.33176494
0.4168006
0.3268651
0.15442157
0.3025894
0.30525032
0.4312849
0.33832026
0.43345952
0.12618189
0.40420246
0.3696083
0.4703792
0.29262045
0.34847775
0.11907941
0.298848
0.18582833
0.4388434
0.33626053
0.11397419
0.40042195
0.38059342
0.27202895
0.42021415
0.37963423
0.5388264
0.36083397
0.28378505
0.51086646
0.29366264
0.31736812
0.3517232
0.44758666
0.40463862
0.30574045
0.4388411
0.29054758
0.43257454
0.4183813
0.5538678
0.3466363
0.533595
0.58747244
0.33108917
0.37118778
0.44392887
0.31696272
0.50467247
0.2897989
0.5452471
0.5359148
0.47723493
0.24451996
0.4807148
0.28581038
0.36885563
0.34001574
0.41806814
0.33982262
0.37066147
0.35505068
0.47800255
0.38535154
0.3951942
0.47526422
0.4368151
0.27246174
0.16367398
0.46504864
0.4895314
0.4447546
0.30474648
0.38388395
0.23831566
0.31208846
0.3350328
0.3170495
0.37858734
0.44402027
0.45213297
0.4187126
0.3933057
0.29830483
0.4937298
0.45702222
0.5181044
0.10177479
0.4687184
0.3354968
0.413488
0.3505877
0.40131047
0.44917288
0.29709247
0.33944058
0.13739102
0.4276863
0.15099691
0.44260803
0.374723
0.35956076
0.106179364
0.41477215
0.3221872
0.20301966
0.4064277
0.43316865
0.32710806
0.40753996
0.15426545
0.4146059
0.25430438
0.47362056
0.2747427
0.2697909
0.26621065
0.45142817
0.5683244
0.49512616
0.4190483
0.32292223
0.33670768
0.52286905
0.4239379
0.37082708
0.3709135
0.283432
0.46232656
0.06583979
0.4183613
0.2974393
0.25638297
0.2225471
0.38261032
0.444055
0.49239495
0.54621965
0.3472521
0.448102
0.22125639
0.19317539
0.12373003
0.21949624
0.36565736
0.43665114
0.3163048
0.20125109
0.41326535
0.30117416
0.42757586
0.47243968
0.36971864
0.35386035
0.46483222
0.33323798
0.36107895
0.41583052
0.36780205
0.20433694
0.21650343
0.30688754
0.49375066
0.48011255
0.37830028
0.34485292
0.30810723
0.21313946
0.5545983
0.32880247
0.22888757
0.374397
0.3517972
0.26419455
0.33155942
0.27343476
0.31691533
0.37675044
0.31356725
0.2913185
0.36771396
0.31318852
0.51054966
0.49742898
0.3492663
0.32691637
0.5185079
0.47558594
0.25469846
0.39517832
0.27508977
0.4053702
0.20421188
0.4917527
0.28495368
0.34495005
0.46789035
0.29399693
0.29009596
0.54545313
0.41486678
0.4663044
0.26580334
0.48473355
0.29961637
0.39401165
0.42034933
0.3952743
0.40516028
0.3879298
0.41673425
0.2248344
0.17753096
0.18956213
0.4673117
0.5328774
0.3745205
0.36940408
0.48919582
0.5192763
0.2717868
0.40024248
0.49718997
0.38405916
0.25629008
0.46386042
0.15926224
0.32755318
0.29657972
0.49477968
0.2998682
0.36066902
0.520058
0.3250558
0.52209777
0.47930264
0.23498088
0.4751173
0.25541994
0.3667889
0.40072015
0.36709836
0.3112881
0.4705901
0.26272133
0.20096354
0.46807083
0.35001996
0.31876326
0.16917096
0.42873538
0.4254907
0.15019244
0.30741924
0.20652749
0.385522
0.30667415
0.29196045
0.42800507
0.42268816
0.31305528
0.29214707
0.26492465
0.46086308
0.41708684
0.41564164
0.26653484
0.46621642
0.47552517
0.21210034
0.4423585
0.2275896
0.45118856
0.2973095
0.4279441
0.47656563
0.17669173
0.37352812
0.34182557
0.46979818
0.4461558
0.4072077
0.24647737
0.37284115
0.5545544
0.2413163
0.44440648
0.40384635
0.31898752
0.41236708
0.4626843
0.22316064
0.39496195
0.46681932
0.3330346
0.3520912
0.5548407
0.30639187
0.3313161
0.23871116
0.27171215
0.4222649
0.32115474
0.5164558
0.30078927
0.47601208
0.3094777
0.4966402
0.41470322
0.4513465
0.3511664
0.58055687
0.51591325
0.28621987
0.5478348
0.49810886
0.44004294
0.49324647
0.2129633
0.39897394
0.43116066
0.30657575
0.3358296
0.42790034
0.51684356
0.56757456
0.4672104
0.28827706
0.44076848
0.17159764
0.31796694
0.29549074
0.4640468
0.13591492
0.36865187
0.2563918
0.38582206
0.42986286
0.5112091
0.41120383
0.24207534
0.4860544
0.44001806
0.44246998
0.5761426
0.34847856
0.30766556
0.122754745
0.18364461
0.2756706
0.4240353
0.32515994
0.4971733
0.4153591
0.38704833
0.42581224
0.3507112
0.34997103
0.5788486
0.26293424
0.4529737
0.5059237
0.29238063
0.40699807
0.24711709
0.5054712
0.3818954
0.20665364
0.43730822
0.34615922
0.44217786
0.41971597
0.29847264
0.46833852
0.18963023
0.35117677
0.6230343
0.29076493
0.31947777
0.44805825
0.33501837
0.33995488
0.33276287
0.44935533
0.43538952
0.4677665
0.22167754
0.2426949
0.4409674
0.50970536
0.3775344
0.43970585
0.45615557
0.36066735
0.40045345
0.37396905
0.26308313
0.3361145
0.430896
0.48393753
0.23234057
0.4148966
0.13128974
0.36425304
0.3276876
0.38530982
0.4036131
0.2056557
0.40259025
0.41847643
0.40966332
0.36826885
0.3112868
0.54334277
0.43738976
0.49226555
0.35719463
0.28032544
0.38606346
0.22972137
0.49522424
0.11228574
0.4714621
0.43491784
0.4292264
0.4668322
0.5467923
0.28447747
0.2430933
0.28439474
0.2059427
0.29819307
0.4621675
0.41899833
0.4537053
0.30809233
0.52927446
0.45611945
0.14054382
0.386686
0.2944639
0.23349732
0.49328443
0.33941746
0.5794347
0.20892818
0.57370895
0.29808307
0.33412957
0.25193653
0.18943004
0.43878153
0.26824403
0.34595278
0.49256977
0.33235732
0.49478877
0.46537697
0.30318138
0.544863
0.3896819
0.31341228
0.26059088
0.51905125
0.41132745
0.25333104
0.47058514
0.22323352
0.45446023
0.4024409
0.47677985
0.5498042
0.37362304
0.2942595
0.2838964
0.34648108
0.5377173
0.22493553
0.45404443
0.4257835
0.4911616
0.4703374
0.46060833
0.4044763
0.49245524
0.1644513
0.3451397
0.34249234
0.36459342
0.52124625
0.45505676
0.24129061
0.4819541
0.48120818
0.33715928
0.4597173
0.2833363
0.38351044
0.37374735
0.5557991
0.44285604
0.26607862
0.24273081
0.4298888
0.23516311
0.34788
0.39515924
0.36602715
0.4173263
0.40943155
0.25345534
0.47015476
0.40658823
0.4335474
0.2038029
0.21525013
0.38881084
0.49076733
0.3175675
0.11751916
0.43325067
0.27289322
0.4444689
0.41663742
0.34734127
0.3504443
0.34759498
0.31051764
0.4538466
0.34489822
0.34508792
0.34776735
0.4668754
0.43734717
0.45389974
0.25668302
0.3332694
0.4145778
0.40375027
0.4139149
0.47536364
0.31617916
0.4160452
0.32350042
0.40474907
0.36903653
0.38214102
0.3618786
0.40577754
0.1550562
0.46132708
0.19121756
0.40703622
0.35933796
0.39348283
0.44085923
0.44156173
0.32880744
0.56573933
0.3107754
0.3242616
0.51121515
0.19857533
0.31975022
0.3650762
0.25810513
0.4819673
0.42202315
0.22609504
0.44856778
0.33789814
0.23627801
0.4516519
0.25998566
0.439356
0.45527014
0.34750572
0.439689
0.19891004
0.53780913
0.26563218
0.4772005
0.40827104
0.3987267
0.26252595
0.3717102
0.29685584
0.601193
0.34594175
0.41378906
0.44244227
0.38770136
0.27469185
0.37193802
0.21976244
0.18822892
0.30745023
0.33708465
0.31027585
0.41253665
0.41356358
0.36989996
0.39598942
0.36717466
0.33938012
0.37667957
0.23944871
0.13541244
0.38812742
0.4280716
0.32645032
0.4383227
0.23135614
0.42167005
0.30945253
0.30564657
0.44107857
0.37107158
0.41133556
0.49949846
0.49679756
0.49977222
0.3873537
0.27878478
0.31494477
0.45400846
0.18141086
0.23138411
0.33539566
0.3080656
0.1985597
0.53475606
0.48337242
0.37620768
0.50360817
0.3721533
0.40313935
0.15772854
0.44628525
0.45949268
0.34231886
0.41739145
0.50367373
0.25915596
0.3789585
0.32567325
0.27233666
0.33292353
0.29744232
0.55684096
0.3776072
0.4504768
0.49027586
0.37484685
0.38794604
0.32518736
0.400552
0.30825981
0.32293275
0.24784541
0.5006267
0.43799892
0.35186127
0.4876479
0.42757154
0.3055348
0.35442165
0.17449187
0.4772472
0.14399432
0.28701124
0.4059902
0.27863705
0.5098484
0.24311788
0.3391594
0.4944209
0.40032783
0.2470264
0.51727015
0.4220463
0.35118642
0.46846852
0.19846354
0.37452433
0.3482307
0.5199318
0.52450174
0.46355793
0.57971615
0.49249792
0.22937447
0.46473837
0.45219824
0.4792436
0.29600596
0.46194795
0.5911801
0.35602868
0.47747138
0.18333775
0.5050414
0.49545786
0.48046693
0.44056526
0.274335
0.39627028
0.31180134
0.44469
0.25635588
0.39224887
0.3866695
0.47540304
0.29237697
0.49817142
0.44926342
0.35633692
0.36656353
0.35223755
0.43984786
0.49976012
0.4044946
0.29499114
0.4705932
0.12370912
0.41826233
0.20969097
0.27250922
0.4284481
0.2744712
0.38432005
0.21884508
0.28582147
0.4195372
0.18413842
0.44473433
0.35047483
0.43058452
0.40753284
0.41207922
0.37971708
0.46405566
0.27089688
0.37232888
0.26130906
0.43023145
0.4477087
0.43993244
0.27244315
0.28180432
0.3494637
0.39782715
0.39909434
0.20991252
0.4912227
0.5020134
0.53824455
0.48043147
0.48174962
0.45764372
0.17962842
0.44255129
0.47317913
0.44852185
0.39265403
0.34123623
0.38038936
0.36436775
0.15924032
0.28561738
0.4063158
0.4054617
0.48265323
0.2947301
0.210074
0.5038941
0.4099276
0.22888613
0.4405708
0.3367692
0.5317072
0.50743383
0.26051936
0.3081422
0.39967546
0.1980805
0.4231168
0.32145616
0.42129636
0.43774995
0.20289437
0.34837186
0.3893391
0.46282065
0.3929259
0.3293434
0.41997635
0.42004144
0.44703698
0.30990908
0.41175416
0.24622719
0.30987322
0.25328228
0.38148728
0.4821386
0.26108167
0.47764692
0.2682855
0.43609807
0.178075
0.21918516
0.47214055
0.32375413
0.48519588
0.45536232
0.2577863
0.49204782
0.3447803
0.4024364
0.2279057
0.27181357
0.4923803
0.41589785
0.21954145
0.46656296
0.24076922
0.49100897
0.4712615
0.5055535
0.28257525
0.3582585
0.4361831
0.29167137
0.43356523
0.35184535
0.35953745
0.4067534
0.25681552
0.5549443
0.25172842
0.4235921
0.42130518
0.21601796
0.4462006
0.39043084
0.4526317
0.535953
0.31655368
0.3243834
0.49445653
0.29694223
0.23077355
0.18034066
0.45428547
0.15886874
0.43949476
0.50195676
0.40888372
0.4636285
0.5021891
0.2817144
0.36636806
0.67478627
0.31721342
0.31618512
0.2650794
0.493521
0.4125475
0.40600896
0.38415894
0.23166525
0.50607735
0.20167857
0.2687072
0.44297156
0.22574933
0.5020516
0.29226407
0.33116162
0.43070218
0.35130033
0.4511
0.4716587
0.41097283
0.24042273
0.30854318
0.51878256
0.36864772
0.20739537
0.24942307
0.40092072
0.49758777
0.402575
0.46210954
0.29350123
0.23511736
0.33499596
0.33910188
0.51220554
0.467636
0.5136321
0.16399074
0.24942116
0.37791207
0.5147359
0.36110306
0.37535366
0.4186486
0.4756681
0.4616301
0.29015714
0.36580816
0.41660127
0.27885962
0.3928326
0.516666
0.10970407
0.51060206
0.36450708
0.46543455
0.24741812
0.44417953
0.19983189
0.37224528
0.5036425
0.43368933
0.45752847
0.337188
0.4171044
0.36029673
0.3329071
0.4804164
0.4984804
0.474691
0.36238682
0.5760755
0.35786608
0.41345128
0.47201076
0.2924085
0.4291581
0.48504016
0.50144273
0.29979083
0.34237528
0.380389
0.36068168
0.31899664
0.47789672
0.44693318
0.31903577
0.5361192
0.4670043
0.45940873
0.48564455
0.42973736
0.38024423
0.46361923
0.47141623
0.3459123
0.2666804
0.40599522
0.28041965
0.40853775
0.24978447
0.50804156
0.35425103
0.28572774
0.43091497
0.3238239
0.30898547
0.38654172
0.5197918
0.29296303
0.4606416
0.5400641
0.42110768
0.29334107
0.3579708
0.33350945
0.26783577
0.29593942
0.40791252
0.4323938
0.3868861
0.33373892
0.58277553
0.39572763
0.45726636
0.3952336
0.5353868
0.2790512
0.4072173
0.43829694
0.20911515
0.3559126
0.45309678
0.33686712
0.4651431
0.35643616
0.28925183
0.3138107
0.462381
0.37519535
0.27008054
0.4990023
0.49784192
0.5106334
0.39251733
0.3622379
0.3431685
0.3244666
0.40521002
0.39493477
0.3275976
0.15111054
0.4583119
0.29070696
0.2763994
0.45544472
0.3850331
0.33047298
0.49617493
0.41176692
0.3265034
0.3939632
0.45095864
0.28181472
0.3351226
0.36387643
0.5119265
0.32685
0.38649163
0.25056824
0.48070145
0.5273914
0.2560413
0.341537
0.41079608
0.22484131
0.5093371
0.19485767
0.43041787
0.26600766
0.54588705
0.41313922
0.4161686
0.44408444
0.36133376
0.35501537
0.3676753
0.33383214
0.46303782
0.39194512
0.40502885
0.35741362
0.24107963
0.5100506
0.24626617
0.39527205
0.3399532
0.2891102
0.38631275
0.46456328
0.44566312
0.3163562
0.32386908
0.47870708
0.22752835
0.32349297
0.32279196
0.3658493
0.37710384
0.2238429
0.41188443
0.37947878
0.45784107
0.42187557
0.35392714
0.3191574
0.37047347
0.39423743
0.43272245
0.28003922
0.47870043
0.4695336
0.3534765
0.37029588
0.2720373
0.46803465
0.19537203
0.47517204
0.32143345
0.33955348
0.5431981
0.45588723
0.45201555
0.47027314
0.3950088
0.39253712
0.18447466
0.4122789
0.3019056
0.44014212
0.4199225
0.23338735
0.43738174
0.30979386
0.33450702
0.2904097
0.4456946
0.34323308
0.54013306
0.19919568
0.38449767
0.36496106
0.32971606
0.46112958
0.19954419
0.31286046
0.29359052
0.22643374
0.2091874
0.46245193
0.37043622
0.14690061
0.42626882
0.37048945
0.3573909
0.46688208
0.42028555
0.33389917
0.24738877
0.38944948
0.37956
0.30185825
0.410364
0.14206164
0.41201493
0.29280898
0.31795076
0.45405307
0.4735794
0.4920691
0.25656912
0.41836992
0.31184435
0.28410843
0.3023974
0.45700955
0.37335452
0.42044196
0.31289366
0.33605158
0.31527165
0.36420128
0.30658382
0.32433087
0.37684235
0.29522753
0.23144604
0.43480444
0.36810243
0.3281769
0.19195034
0.47293317
0.32400224
0.45945343
0.47170123
0.35400543
0.44521317
0.20497362
0.28512266
0.35231146
0.31226525
0.3693864
0.30777374
0.3883811
0.32614425
0.32963434
0.46900225
0.40292498
0.3699173
0.23727588
0.16767208
0.21186782
0.43275037
0.45627365
0.46952057
0.3842237
0.18104123
0.4448687
0.20588534
0.35821185
0.49783167
0.16393499
0.49571076
0.37124828
0.3232404
0.30011702
0.43696785
0.42449483
0.29132214
0.3982847
0.3579538
0.36767885
0.3765695
0.5973242
0.40177962
0.47060928
0.2781207
0.38298893
0.2591518
0.34799966
0.3272018
0.28498426
0.4213505
0.2813134
0.41784513
0.3731486
0.17881352
0.44179618
0.3663601
0.11165774
0.30812934
0.26032436
0.4487305
0.311193
0.45924583
0.39739752
0.31191042
0.24749815
0.54146814
0.34839115
0.3888986
0.45070052
0.37569702
0.23405063
0.48665687
0.3734286
0.40684763
0.29844984
0.39969268
0.31936634
0.33297625
0.39320174
0.47350478
0.4888909
0.44824806
0.29363742
0.5320438
0.47255853
0.31091452
0.35374656
0.30079737
0.44624257
0.46187922
0.40473208
0.31285173
0.32492617
0.26582035
0.48892036
0.43435642
0.28188154
0.5666161
0.30790326
0.38473392
0.38149533
0.41645327
0.25750306
0.4947594
0.63948256
0.36213908
0.31798327
0.2292589
0.4926001
0.3198949
0.28662336
0.3817447
0.16615267
0.36216584
0.32133427
0.4911643
0.4582791
0.47675475
0.43926832
0.50208503
0.30928722
0.33042446
0.35867986
0.39532483
0.31019604
0.3570895
0.40531453
0.3741857
0.25455135
0.5155644
0.4278938
0.26050735
0.3467822
0.34776917
0.33832812
0.48564196
0.55021435
0.42186418
0.33944854
0.17572397
0.34643033
0.42927364
0.29469
0.36432433
0.39632544
0.45850816
0.38172957
0.53438824
0.49518982
0.4624356
0.43404925
0.4342288
0.37061238
0.38562727
0.39091372
0.25030684
0.32465363
0.3619698
0.35355672
0.24761997
0.48078468
0.46221602
0.3100604
0.5229159
0.23323019
0.1953466
0.4494594
0.4302903
0.34758958
0.55579156
0.32504985
0.30356395
0.3207425
0.4611766
0.44864735
0.42580083
0.51424575
0.26077422
0.4422731
0.22038853
0.48174754
0.45794567
0.4049383
0.26622793
0.23621863
0.4640224
0.42655954
0.44007155
0.3062123
0.4731152
0.30645677
0.43114376
0.35734203
0.28020692
0.47400865
0.39680567
0.37052384
0.4197508
0.39438823
0.49040142
0.5350428
0.4844501
0.3634795
0.48675355
0.39662114
0.41097224
0.17932713
0.2667166
0.5033834
0.37687314
0.44215992
0.40137038
0.4183704
0.42006862
0.37820014
0.24050169
0.4002525
0.3662195
0.4247969
0.2635833
0.42962733
0.2498498
0.43732047
0.38612136
0.1783144
0.39139023
0.44459972
0.35295486
0.37574562
0.5083935
0.47657037
0.43118533
0.111311145
0.38424388
0.20812206
0.35734543
0.41985378
0.25628167
0.51085067
0.19656213
0.3188318
0.2831194
0.3911015
0.42416012
0.54108053
0.43376827
0.31134963
0.3962133
0.39867952
0.4497684
0.2719942
0.3636417
0.42802575
0.42408547
0.39378217
0.41878644
0.35330608
0.25233027
0.20049804
0.274249
0.43070376
0.53827775
0.32427248
0.33179006
0.51339114
0.2473077
0.32029745
0.35283086
0.3334826
0.3659521
0.326141
0.6330003
0.37786472
0.31884947
0.5248187
0.41800717
0.45602337
0.2884266
0.37788633
0.35101056
0.5541195
0.4776903
0.4831263
0.46165112
0.3150005
0.322447
0.47234368
0.4620676
0.4513177
0.26383564
0.36849546
0.5941419
0.31028908
0.5312931
0.29538608
0.39123026
0.5458565
0.38935947
0.53929764
0.38134083
0.3634388
0.36871448
0.32769457
0.3094844
0.43113455
0.40902948
0.40382537
0.2600431
0.48655698
0.28666362
0.51257324
0.34286126
0.595354
0.4141383
0.23331891
0.48844194
0.46117926
0.41356364
0.36760986
0.27446154
0.61992854
0.37156987
0.44273534
0.35766172
0.43365493
0.46645227
0.35871863
0.24434145
0.22345233
0.42572555
0.5465116
0.4460881
0.38716426
0.42711207
0.45024362
0.5096422
0.40436995
0.4991072
0.3462921
0.28066766
0.3418013
0.5566884
0.39448604
0.4237901
0.19291224
0.35618415
0.3292366
0.5579006
0.49292657
0.45997426
0.31774977
0.31069925
0.36986408
0.21646665
0.2909387
0.39226052
0.22852968
0.51333016
0.35328802
0.37578595
0.46585035
0.2877973
0.46723413
0.40372095
0.37622944
0.5077254
0.37666574
0.46977916
0.49570218
0.37602672
0.49766722
0.2657323
0.18702571
0.27084023
0.2109546
0.35303023
0.3818116
0.4847772
0.25833544
0.24848638
0.32518554
0.40400842
0.58524644
0.23143
0.49060822
0.34439078
0.26905587
0.40379062
0.368675
0.501879
0.34795427
0.24520391
0.38392165
0.3536273
0.42031908
0.33989152
0.50511205
0.32805717
0.52987736
0.47363153
0.3998332
0.26977214
0.16939835
0.40281042
0.40979668
0.17907287
0.24631901
0.24521728
0.47471365
0.2335016
0.27894592
0.3371788
0.36261842
0.34455705
0.39038646
0.23215155
0.45741102
0.11550111
0.49867496
0.43318963
0.4800153
0.37615168
0.16170782
0.38757995
0.18471326
0.45575055
0.47847566
0.34350097
0.47715542
0.5265383
0.28145364
0.3544371
0.4845024
0.4186184
0.34544906
0.36220837
0.5177306
0.41554323
0.27809894
0.38273403
0.37213913
0.32546845
0.16172825
0.45082173
0.28873587
0.48770705
0.4358404
0.39701167
0.34560528
0.41699436
0.101585835
0.4628358
0.5157585
0.4834927
0.4366925
0.25461006
0.37299332
0.49640226
0.19174929
0.2979186
0.28409767
0.4389862
0.110985756
0.34735012
0.091890715
0.5140495
0.16019057
0.17938304
0.4154153
0.34733093
0.37703633
0.12812243
0.35037017
0.41975245
0.515279
0.37176684
0.3969601
0.2828915
0.5022824
0.47262105
0.33640036
0.4769431
0.19114913
0.42093024
0.37826237
0.39049622
0.12746261
0.37748304
0.52598053
0.30656084
0.23826778
0.23806293
0.35935724
0.45136726
0.4082353
0.45902225
0.37701353
0.4560527
0.5204813
0.347398
0.25158283
0.48794392
0.21116923
0.35176647
0.32921478
0.3290974
0.3824345
0.41246584
0.3185369
0.33342278
0.39657208
0.38163534
0.36176166
0.30656657
0.5195601
0.31695402
0.6072209
0.54617256
0.4070058
0.32961953
0.49203286
0.38432762
0.51733035
0.36758944
0.2259398
0.48437354
0.3706037
0.30629933
0.37399402
0.32212695
0.31754038
0.44230208
0.2571188
0.46248695
0.18717974
0.4082173
0.37832567
0.30367896
0.51655823
0.30226573
0.3480811
0.42949882
0.3810831
0.32777652
0.3618628
0.25787345
0.22421128
0.2765356
0.3709942
0.465463
0.52683175
0.534443
0.3094312
0.46327722
0.39692235
0.5056435
0.52080214
0.42487407
0.35694554
0.2739012
0.3236738
0.14916873
0.26720247
0.44627574
0.25431594
0.29213998
0.25832257
0.21265201
0.24281059
0.25813073
0.18997325
0.4463675
0.41030392
0.4656962
0.18219793
0.41558146
0.22401144
0.4787227
0.4957378
0.30182502
0.26274863
0.42659006
0.43607685
0.34163344
0.32677725
0.4354876
0.35642156
0.35631084
0.22880208
0.47604966
0.2606676
0.5387343
0.47534823
0.29289082
0.27900684
0.47517332
0.24253434
0.581656
0.30212748
0.42886814
0.32905278
0.42982087
0.40440357
0.35159627
0.34182987
0.45700672
0.28921732
0.48205042
0.4338883
0.4303383
0.48048738
0.58016175
0.41737354
0.4180119
0.35368428
0.20897996
0.33839193
0.2905973
0.3964304
0.4095868
0.4572337
0.34786665
0.4997047
0.4763504
0.44276237
0.30210656
0.27278215
0.32428834
0.6525006
0.39310455
0.5203655
0.35008928
0.49296236
0.252883
0.42349577
0.35322013
0.52674985
0.30582073
0.47322893
0.24291156
0.304863
0.38622114
0.39099312
0.4404486
0.3031352
0.5137203
0.33259815
0.51262254
0.11199936
0.43151212
0.38381937
0.29270163
0.28556886
0.17581229
0.5267282
0.23370846
0.27126643
0.51569664
0.41519356
0.30681235
0.3520408
0.28583607
0.3469338
0.42147923
0.5254178
0.46172628
0.29382303
0.39928952
0.44649425
0.31136408
0.39202538
0.30767667
0.40617767
0.33289897
0.20459701
0.42523265
0.38829288
0.24071056
0.41456518
0.22075063
0.44760907
0.394135
0.34034574
0.3254584
0.46139875
0.11635524
0.43114915
0.42922136
0.3600911
0.43960622
0.45250794
0.4217085
0.5183181
0.310983
0.35680482
0.19357233
0.32110998
0.5341396
0.3903946
0.5009407
0.27057704
0.13339877
0.33523425
0.42117694
0.46296814
0.408082
0.32003412
0.4521314
0.28129086
0.38124296
0.32861626
0.3960826
0.24538791
0.2843069
0.2958515
0.30294672
0.44400302
0.35573256
0.51386076
0.27689752
0.37706232
0.44386196
0.2665027
0.35333502
0.50242156
0.2743099
0.2150244
0.36056486
0.4502635
0.4976851
0.31484717
0.57114416
0.33642116
0.22149123
0.41481447
0.5858185
0.27361575
0.35585582
0.45360848
0.4478264
0.35850498
0.31598988
0.21056598
0.3701088
0.44656935
0.5429947
0.47322
0.3565414
0.29837868
0.49770197
0.40846774
0.23953472
0.2161539
0.24881648
0.36372495
0.28597316
0.27458736
0.22319162
0.3381965
0.48119044
0.3949052
0.30214632
0.32213077
0.28826922
0.43594417
0.2815196
0.39095452
0.4720994
0.25437185
0.35234538
0.23862028
0.20872496
0.4739009
0.15417372
0.32030877
0.2703466
0.45984986
0.36316857
0.30698526
0.51562613
0.38373908
0.31946668
0.37027073
0.38896492
0.14100213
0.3377529
0.24106169
0.4507338
0.24102797
0.40026137
0.4763678
0.18511562
0.32771945
0.3484846
0.37662283
0.4599626
0.19854586
0.47133374
0.20450567
0.43046895
0.51567316
0.23142733
0.51791716
0.3160557
0.4780183
0.17070955
0.26861602
0.36162233
0.3671051
0.41170597
0.41210362
0.46999225
0.47069946
0.4403502
0.31341714
0.54503626
0.3074423
0.3583028
0.3758855
0.26159328
0.37211707
0.4138284
0.2887881
0.40659642
0.47971177
0.3791379
0.37463662
0.22993112
0.23139459
0.46269187
0.45713437
0.3641418
0.46986046
0.39106044
0.37845793
0.3734829
0.5077918
0.3988774
0.40521595
0.5174491
0.4045749
0.2642459
0.33861664
0.5103362
0.23355335
0.4360516
0.38604236
0.5260062
0.45731568
0.358067
0.3650241
0.48353437
0.42753375
0.3827223
0.538351
0.30186132
0.42594123
0.46955812
0.21652828
0.30408493
0.10060409
0.3168525
0.37331173
0.4840137
0.29574502
0.2624563
0.18281467
0.4276462
0.2685952
0.3441514
0.35882226
0.43355823
0.48156905
0.29670122
0.1913174
0.22920002
0.3810273
0.27490428
0.4397349
0.3200632
0.4257926
0.39483258
0.30091193
0.29616642
0.5615816
0.464555
0.40504333
0.3569356
0.44894025
0.30909905
0.22761093
0.50122476
0.4226643
0.22289066
0.3793331
0.32047716
0.31357145
0.5503557
0.38179433
0.47399685
0.514136
0.44862154
0.2830769
0.14647482
0.37672278
0.21156995
0.31207955
0.22800882
0.3516185
0.440899
0.13055936
0.34068403
0.34985328
0.30154586
0.4900703
0.3880969
0.3636724
0.21536392
0.32004642
0.4635595
0.3203478
0.33083946
0.47017562
0.42184642
0.48285952
0.3289247
0.35865998
0.42979726
0.38629082
0.24968733
0.32357812
0.41305682
0.25849733
0.45812723
0.49652633
0.3629652
0.24576068
0.47380778
0.13507397
0.09625664
0.5008434
0.2459969
0.44439253
0.26073638
0.26103845
0.26499113
0.25413376
0.31523558
0.117230006
0.38256416
0.29649788
0.27812874
0.3958331
0.5022952
0.46576837
0.2553543
0.30228847
0.43231952
0.43703237
0.4161496
0.31672528
0.36193037
0.26430598
0.4604995
0.5120144
0.36223105
0.27254328
0.4476434
0.40396956
0.40748644
0.42643645
0.18955676
0.30323303
0.38239658
0.4309608
0.30386823
0.36842307
0.4632943
0.49579927
0.25766024
0.2649273
0.44794455
0.187931
0.40088406
0.3983364
0.43299106
0.20227514
0.47459933
0.43549356
0.34032235
0.51634073
0.38728705
0.40578339
0.5129661
0.31444672
0.45872378
0.5587757
0.2564471
0.4436812
0.36998054
0.2909433
0.35387468
0.43322816
0.420122
0.4050797
0.4585909
0.44812167
0.23773092
0.46296057
0.37033257
0.32939515
0.33038935
0.54678977
0.47382537
0.39565435
0.47333705
0.31355324
0.44418988
0.413865
0.2973801
0.3570384
0.3655276
0.34823656
0.48669013
0.5046073
0.12017637
0.29492936
0.386789
0.37871385
0.5190643
0.3338205
0.32600495
0.2818337
0.31254926
0.1934392
0.35044178
0.4159921
0.48568675
0.28450084
0.51630133
0.5303952
0.26837453
0.50876826
0.3995041
0.29757953
0.35669187
0.5537269
0.40228334
0.428378
0.43026972
0.43179917
0.37841654
0.41007075
0.409408
0.37345672
0.45776567
0.25630617
0.22546346
0.2244619
0.18275815
0.2052989
0.29599753
0.22189271
0.22853214
0.29161486
0.2639682
0.45790875
0.3330616
0.33895174
0.46341696
0.4536445
0.45949042
0.45149362
0.46903288
0.4367844
0.3087308
0.20419453
0.44596314
0.20850442
0.39228436
0.31378433
0.4014326
0.4265324
0.40997353
0.2746396
0.43114415
0.50132656
0.5578691
0.16253473
0.3648599
0.3125241
0.49812004
0.40439805
0.42105642
0.3144641
0.37867054
0.22272749
0.5104444
0.2118706
0.52159053
0.32604122
0.49877787
0.3979121
0.13313739
0.42307448
0.22490315
0.47073898
0.5140894
0.4386632
0.32200244
0.4354774
0.24262027
0.4721667
0.49854055
0.5000716
0.5489438
0.45918182
0.45148477
0.37564635
0.50197035
0.53456205
0.5329514
0.2869412
0.4287955
0.33519283
0.30399805
0.2832034
0.33914018
0.3211755
0.39336327
0.40724504
0.37580287
0.46970937
0.28731692
0.37996015
0.37003243
0.41727388
0.47323826
0.11192598
0.18306035
0.36522052
0.28356743
0.36871913
0.23457102
0.37780806
0.37581584
0.40434217
0.34460482
0.27986097
0.26273194
0.39287028
0.4733394
0.36934686
0.52013236
0.44982684
0.21783502
0.3999778
0.31014207
0.34118533
0.38942394
0.53996533
0.31595358
0.2087415
0.31491804
0.31394485
0.39020827
0.18974836
0.29520747
0.29465103
0.47756425
0.2079243
0.32666156
0.13107094
0.4820615
0.42745495
0.29996207
0.1904348
0.21928509
0.21525116
0.26718354
0.45927212
0.42561868
0.44170132
0.42420158
0.29989353
0.3990008
0.36967072
0.52439564
0.33534297
0.23468877
0.27127707
0.44078127
0.29919764
0.40194774
0.33205584
0.5013792
0.11506561
0.3023368
0.2343926
0.23597477
0.24555582
0.4829347
0.33419898
0.2665756
0.3641235
0.33759746
0.5602315
0.39567563
0.33270586
0.30968285
0.36412343
0.4750735
0.36385307
0.36836982
0.1281711
0.4533173
0.448868
0.20553333
0.24545407
0.25753033
0.4398141
0.31483653
0.4639661
0.3857678
0.4416639
0.1505552
0.35564518
0.5049967
0.30177507
0.41519758
0.15397109
0.41209307
0.31576264
0.27390555
0.36344466
0.24896276
0.18505113
0.27640465
0.5374147
0.35020924
0.24821539
0.24744253
0.11984917
0.21484584
0.25020173
0.16504669
0.33410773
0.32830057
0.45800635
0.11110657
0.260229
0.4034727
0.44771004
0.21791053
0.37747073
0.409345
0.12804908
0.533284
0.3146529
0.254754
0.48480213
0.22272699
0.4096572
0.3368045
0.19650571
0.35345054
0.34625855
0.15248074
0.44251105
0.329346
0.2538506
0.45357332
0.4540534
0.35103217
0.4687121
0.42364225
0.4006869
0.36639097
0.39158705
0.5708085
0.38972852
0.3481903
0.5635217
0.39325392
0.48081008
0.34031188
0.29894575
0.4408557
0.37461555
0.47319558
0.37532446
0.38712773
0.45595035
0.3616518
0.42934301
0.42788914
0.45948052
0.13843134
0.47596133
0.1540896
0.29337487
0.5536354
0.33959755
0.39094436
0.36604166
0.49481428
0.39306268
0.28170946
0.28223673
0.42637324
0.3459662
0.5230232
0.43987903
0.36249614
0.3198544
0.16760297
0.23070876
0.55888444
0.36837664
0.38867354
0.31252152
0.25138032
0.44080725
0.43767467
0.4770759
0.3801855
0.5030813
0.4543287
0.17596601
0.121569514
0.45962834
0.20566483
0.36072525
0.49061075
0.48110723
0.46591878
0.5390678
0.52962905
0.33913067
0.45524696
0.44207343
0.3882054
0.4748818
0.4095205
0.14622344
0.43671802
0.3735284
0.29769436
0.22754718
0.33094206
0.22009258
0.46357164
0.44999623
0.24631715
0.44468102
0.26492175
0.35238612
0.45783353
0.47238564
0.31897864
0.3673232
0.33013192
0.37951598
0.4454596
0.38379613
0.5024912
0.43626705
0.29381454
0.1756223
0.4028653
0.390667
0.4130611
0.30878338
0.47968364
0.24420886
0.47781166
0.40076432
0.19802679
0.38936177
0.38756993
0.3158233
0.44869152
0.30424687
0.38877282
0.13744004
0.41211078
0.50238705
0.40830842
0.41778827
0.15298603
0.23082952
0.61396307
0.43276
0.40712905
0.18277375
0.34471563
0.27736244
0.43360665
0.23440512
0.3223169
0.31789008
0.3641101
0.45975968
0.4320505
0.52203995
0.27223632
0.45639667
0.39654887
0.43678775
0.28913268
0.44539034
0.43680277
0.40553388
0.50030535
0.30936947
0.242388
0.18371467
0.23887394
0.52798533
0.26768193
0.30321687
0.19531019
0.34037295
0.43740043
0.34010983
0.35861298
0.34099868
0.35676944
0.22830467
0.3159461
0.3543296
0.4442235
0.5001088
0.4205391
0.43878055
0.49354246
0.47418618
0.28844953
0.36701706
0.51805013
0.29325977
0.5153782
0.1780542
0.38236082
0.2725614
0.53091645
0.18772815
0.208386
0.5779089
0.37529835
0.36669388
0.38685846
0.5126638
0.48996773
0.5230514
0.36020878
0.37025082
0.36008132
0.34066275
0.4359173
0.4670478
0.3836112
0.2173791
0.2666091
0.46443132
0.46748313
0.36633182
0.56319505
0.5307967
0.44435334
0.504478
0.4341435
0.50167125
0.31578085
0.45569506
0.38049927
0.3485737
0.45105597
0.31331334
0.5065151
0.31066623
0.34210408
0.33600596
0.38127995
0.4364148
0.49033216
0.45575085
0.34757802
0.3622385
0.30693555
0.27059254
0.44604802
0.35902047
0.3631049
0.29635394
0.32592347
0.19819874
0.32968974
0.4954976
0.3403212
0.21210356
0.5144778
0.46605483
0.45191315
0.5036085
0.25824726
0.43173644
0.47034585
0.33762324
0.46693254
0.379571
0.33859468
0.35395288
0.39809713
0.34857002
0.5301463
0.1659794
0.30694735
0.21703772
0.53566855
0.43849936
0.45414504
0.35277498
0.43002954
0.37615588
0.5237768
0.43299893
0.48056197
0.46319595
0.21715528
0.40490997
0.25617775
0.27350453
0.35777393
0.266974
0.2807193
0.4709728
0.5619858
0.27294508
0.46785605
0.292298
0.41951045
0.30152532
0.32052806
0.35369742
0.3101841
0.28631034
0.3780595
0.4219775
0.20517536
0.14812095
0.26714644
0.30471167
0.40686837
0.21954232
0.5259011
0.32224843
0.33078572
0.26544824
0.3111168
0.4967974
0.21651918
0.27353653
0.36126176
0.44090196
0.52602863
0.2593694
0.40339622
0.4439281
0.29722098
0.5176184
0.4883561
0.33885953
0.30765176
0.45384398
0.48329797
0.42024434
0.45154905
0.40753818
0.47297105
0.33173433
0.39596066
0.31924775
0.33445796
0.45582405
0.43123904
0.34923744
0.25474963
0.38698828
0.36235932
0.49375352
0.43444014
0.1956371
0.5184834
0.46733448
0.13760297
0.34700254
0.24977517
0.50385815
0.48815575
0.5355456
0.46141052
0.2682652
0.3713778
0.40849248
0.4624039
0.44715104
0.18278347
0.518574
0.2259295
0.47380152
0.4136225
0.45725402
0.30016145
0.47046182
0.30914733
0.3987211
0.32632497
0.27187935
0.5140278
0.45745027
0.31653532
0.4469526
0.29997382
0.38465214
0.16840637
0.19933927
0.33336768
0.49933267
0.46142408
0.47712907
0.3095626
0.1923336
0.5351357
0.19838376
0.3996894
0.44382143
0.47310075
0.41678968
0.25010243
0.47930166
0.27641287
0.45142272
0.46779355
0.47962722
0.43302765
0.51467127
0.38226214
0.37259522
0.34366855
0.34449792
0.34571752
0.33821514
0.42178547
0.21379142
0.33988285
0.5521435
0.472528
0.15136059
0.39287862
0.25471088
0.3812329
0.25696766
0.3885688
0.5449877
0.4650576
0.4899784
0.5102597
0.3857381
0.11858838
0.37704805
0.4239415
0.5337748
0.4768729
0.33693612
0.23780859
0.41100526
0.5092468
0.22929627
0.16196926
0.48428285
0.5412249
0.17101805
0.40007558
0.45518565
0.5067284
0.24992283
0.42875385
0.47482383
0.32250908
0.49020803
0.48749733
0.60643184
0.31173566
0.45229146
0.25051808
0.48971376
0.0894343
0.40060022
0.40948534
0.3199589
0.33461523
0.42443863
0.4639015
0.3595667
0.29646733
0.43422806
0.3087402
0.55928516
0.24189834
0.4374059
0.1257201
0.36747363
0.30995026
0.2601695
0.4182391
0.43641946
0.33873677
0.15569915
0.28355813
0.42938492
0.371478
0.37251225
0.30128536
0.4532627
0.27342495
0.55208755
0.26442876
0.32912502
0.33410463
0.4827187
0.40162006
0.3852892
0.3459367
0.22345082
0.37163773
0.4150078
0.24476926
0.46800682
0.36322585
0.39361343
0.15874855
0.24670863
0.4671822
0.3801843
0.41788098
0.30924663
0.52579015
0.48193106
0.19606821
0.49366346
0.44815636
0.27730837
0.29282966
0.52210885
0.378023
0.46432734
0.4729743
0.18427785
0.3168368
0.36046234
0.40530142
0.1487592
0.48319086
0.52866703
0.43519962
0.48367214
0.1842636
0.36786732
0.42334843
0.33757427
0.42623422
0.50901693
0.4999999
0.34032515
0.44150385
0.39101133
0.46210468
0.5173825
0.39008808
0.4332789
0.159198
0.45322096
0.5041015
0.21590889
0.27959263
0.5648957
0.31765524
0.3682027
0.34751332
0.3181335
0.33959782
0.5215121
0.20970757
0.36827326
0.47460666
0.5593007
0.38320193
0.5127905
0.32511047
0.44527104
0.45330667
0.27486432
0.36151233
0.4619262
0.39163503
0.433895
0.22069718
0.37002876
0.1326351
0.45327488
0.42395604
0.30194512
0.3607119
0.31146902
0.42937234
0.30022386
0.20466413
0.42553958
0.16227734
0.3893578
0.44124243
0.3235594
0.39237607
0.4926478
0.29555282
0.50997835
0.39570227
0.38161245
0.31061247
0.45850134
0.13413902
0.53861946
0.37422553
0.3466818
0.44806722
0.21484824
0.29707727
0.42898786
0.14327376
0.43579853
0.10225614
0.2818745
0.39279863
0.5377991
0.38411096
0.24810505
0.3532565
0.6201584
0.3913659
0.3447006
0.115629315
0.41067362
0.41944817
0.5443644
0.415295
0.23865086
0.39355126
0.40553388
0.40848383
0.27509272
0.48206493
0.4243171
0.3587896
0.42708108
0.394949
0.2651703
0.5517636
0.20130344
0.3741534
0.4832193
0.3100742
0.41583666
0.40028462
0.27336413
0.31684136
0.42749342
0.40867722
0.39139867
0.35620698
0.18543255
0.50919867
0.40112862
0.2094106
0.2994715
0.5102553
0.1700948
0.2795076
0.42191628
0.40203786
0.36797667
0.29218593
0.4051073
0.20122623
0.27764067
0.38548878
0.37314817
0.4636171
0.48186335
0.40352473
0.14894992
0.23001377
0.37362996
0.4313818
0.49702677
0.41579875
0.2882136
0.38909057
0.20327921
0.25642872
0.41601977
0.3770599
0.28796408
0.21712135
0.14863233
0.3939172
0.37301052
0.4915491
0.16898079
0.48438168
0.30283353
0.2839963
0.51270795
0.103470586
0.50069314
0.48021057
0.26485255
0.46838844
0.18240744
0.47257057
0.33293882
0.25636968
0.5329439
0.44185743
0.14124745
0.4300847
0.3100998
0.37108788
0.48073444
0.36409318
0.3086563
0.3325623
0.26187947
0.45285216
0.3918837
0.46212253
0.17356682
0.46705154
0.37072054
0.47883162
0.48964635
0.3098408
0.3551531
0.46981192
0.40296435
0.32743472
0.507055
0.5573216
0.35301116
0.34406042
0.32304633
0.36257377
0.51204866
0.4713876
0.46009853
0.23708087
0.46144316
0.44590867
0.24688472
0.5122307
0.39091218
0.3122459
0.2507482
0.345314
0.41149077
0.40335584
0.32745454
0.5259925
0.35247102
0.30132473
0.31968197
0.41723672
0.41675296
0.36986518
0.38567016
0.3853489
0.32944718
0.5355438
0.40073058
0.2674519
0.39696983
0.26597986
0.39540982
0.2610531
0.3826412
0.16535409
0.41772735
0.3454733
0.5188179
0.35346377
0.22365463
0.38044974
0.4509246
0.5315874
0.35760275
0.4066423
0.45102975
0.5318804
0.25786003
0.1135512
0.36248294
0.48910394
0.3492175
0.3325111
0.5091249
0.45002505
0.40410158
0.3762504
0.26745334
0.1342972
0.58715105
0.39675283
0.29076037
0.44814658
0.1860127
0.2129607
0.27420124
0.1858474
0.21833956
0.33854714
0.3395343
0.40935293
0.5161068
0.3902985
0.26274765
0.44962326
0.23213775
0.34335318
0.40165496
0.16339488
0.46998534
0.2554996
0.39930347
0.42955518
0.48274764
0.30914757
0.46222854
0.49149516
0.266803
0.22199388
0.32014477
0.22181396
0.3291312
0.48658744
0.43615684
0.36881673
0.36414757
0.31537953
0.3667935
0.4576381
0.45251355
0.27010128
0.22496349
0.42787075
0.48256746
0.21318956
0.41350707
0.4192883
0.40211463
0.32449225
0.46717516
0.45290753
0.19107516
0.25252864
0.2301755
0.20030624
0.32016054
0.48998573
0.32458267
0.40903053
0.20494032
0.38730457
0.2850758
0.41460243
0.41969714
0.48160782
0.27056587
0.2259323
0.32090408
0.47965583
0.23550694
0.39983734
0.2725698
0.26571918
0.47991347
0.25863492
0.32391357
0.4203572
0.24255358
0.41367936
0.28892082
0.13339625
0.34976625
0.2673198
0.4493018
0.5351215
0.5914192
0.32541075
0.16931069
0.41230202
0.48913932
0.4566128
0.32888174
0.15661937
0.33606377
0.42730686
0.36923048
0.40921092
0.35711256
0.14647518
0.21840806
0.3572662
0.3760151
0.5029517
0.5125225
0.4456614
0.27578107
0.44908407
0.4049212
0.4162816
0.27409253
0.30659935
0.20497741
0.232971
0.3222885
0.5118791
0.1881115
0.28112087
0.17816514
0.37995645
0.3590753
0.4559528
0.13392682
0.4424413
0.3244934
0.3740859
0.46687397
0.41133988
0.2761169
0.34634006
0.13105719
0.17410636
0.5387122
0.27405223
0.29836842
0.3023775
0.40930787
0.4262924
0.24540551
0.36133626
0.23327458
0.3864777
0.13701327
0.33803332
0.40888706
0.30146527
0.19258599
0.2561573
0.44682574
0.31020558
0.2741521
0.14463614
0.29422706
0.191301
0.39757285
0.3330339
0.46443847
0.47051725
0.32511255
0.2704732
0.49610558
0.46764168
0.4486146
0.41530824
0.14416355
0.44450703
0.58227485
0.43329468
0.3432074
0.23551752
0.402084
0.32238933
0.37403432
0.5520392
0.48657396
0.272575
0.24134926
0.45005655
0.5100498
0.36400187
0.4561459
0.48538378
0.3069878
0.27301893
0.23256366
0.4521929
0.1806287
0.26773784
0.16796583
0.23298018
0.35444605
0.30721024
0.14698629
0.34552363
0.32547382
0.49304855
0.42678523
0.20757292
0.6253577
0.3151995
0.39140043
0.39157167
0.26524082
0.37119627
0.45696184
0.41329196
0.34806386
0.47531572
0.3654252
0.40280762
0.30257642
0.37888256
0.40464222
0.32722583
0.48799613
0.29134235
0.24367334
0.3156009
0.3971912
0.3768731
0.3682705
0.29707488
0.39051804
0.50091094
0.37034348
0.28548822
0.41202998
0.41618764
0.43404743
0.39260697
0.23120256
0.37418377
0.38601577
0.4056907
0.25491774
0.37738255
0.31645724
0.20607854
0.21124174
0.45544735
0.24216126
0.49364677
0.3666757
0.47483316
0.4646993
0.37770152
0.2857889
0.41866946
0.42764008
0.40653232
0.39712143
0.37121108
0.25189248
0.16692889
0.39079186
0.39710364
0.17879741
0.37360796
0.341247
0.3951974
0.48338303
0.50617045
0.448805
0.3758887
0.40396264
0.4677349
0.2916653
0.32147107
0.3058705
0.28559747
0.28185534
0.36081505
0.54788524
0.5545271
0.4016055
0.32901096
0.20403804
0.189723
0.40803728
0.62305236
0.36502948
0.22651887
0.30433926
0.4173489
0.40840387
0.48057032
0.47327653
0.44044915
0.36326194
0.29166612
0.26429185
0.42839918
0.3555721
0.35531697
0.2611295
0.36635414
0.28998947
0.44393125
0.3736503
0.32327893
0.19446613
0.41212544
0.28612876
0.3357757
0.4576981
0.37823674
0.25582102
0.44510755
0.2673823
0.4679884
0.2568512
0.20912671
0.3240037
0.34615412
0.4164447
0.43307367
0.48432174
0.5053288
0.41970244
0.44557783
0.42871353
0.30678496
0.36598444
0.13129644
0.50592166
0.4665346
0.36077055
0.36956295
0.3073083
0.59147125
0.24829704
0.4028804
0.459579
0.26845244
0.40821114
0.48170817
0.4141055
0.4615152
0.2617911
0.32051733
0.46563542
0.4375858
0.29490763
0.5585046
0.385502
0.43594804
0.41299525
0.35052538
0.45209804
0.3709317
0.5098444
0.3879645
0.38409758
0.1474279
0.31351578
0.5106512
0.4767113
0.41525495
0.40500298
0.40746674
0.5076974
0.38255665
0.39233875
0.38787818
0.440765
0.38202655
0.44449612
0.38801953
0.47394785
0.34354827
0.3918382
0.3424132
0.22472447
0.34125587
0.407591
0.36047837
0.24435759
0.47682944
0.4121093
0.2897445
0.2944121
0.33428112
0.24538505
0.1684885
0.13182773
0.39131522
0.27937794
0.380079
0.47244945
0.1433249
0.15532564
0.55810523
0.40582535
0.3951378
0.4936928
0.483964
0.40536597
0.3965391
0.2784479
0.23768389
0.44604185
0.47634697
0.5197781
0.30316794
0.4234669
0.4924543
0.5671371
0.35855043
0.4654505
0.47328612
0.26147547
0.50571257
0.6030194
0.19087344
0.35935053
0.27825448
0.2022453
0.36923745
0.28360364
0.34961343
0.26611885
0.36138877
0.122681074
0.38732708
0.31298855
0.26867473
0.4721242
0.2187646
0.2803549
0.17226668
0.38114724
0.22799651
0.28227517
0.34117278
0.42051494
0.35114586
0.42978716
0.26366383
0.40902185
0.2298999
0.19880493
0.42626384
0.430855
0.2417916
0.24545224
0.50158143
0.42293337
0.5003128
0.50328726
0.4641658
0.54958993
0.2921361
0.47944653
0.5136377
0.46949545
0.34182867
0.3556831
0.55068654
0.28746307
0.36317804
0.30231848
0.29760978
0.4833192
0.35115418
0.34197775
0.19186907
0.4137887
0.48423126
0.11885079
0.37306705
0.3766974
0.4492596
0.17384045
0.38010558
0.41208136
0.3463082
0.4895185
0.41041243
0.49350366
0.28067163
0.46333686
0.4058943
0.39452076
0.2325883
0.35262692
0.33906302
0.49071777
0.44046274
0.3735521
0.42939734
0.35027647
0.27972218
0.41247496
0.12881424
0.4899688
0.28546727
0.33484778
0.329219
0.35425568
0.5508685
0.29605165
0.45301166
0.19921511
0.42001387
0.47971165
0.5164623
0.51113313
0.3221793
0.18712668
0.3205402
0.30051473
0.4489175
0.4649199
0.42054597
0.45097828
0.34334752
0.4728762
0.32715666
0.2601345
0.2542384
0.3017576
0.38833022
0.2220952
0.3598708
0.40239
0.3192962
0.4424747
0.36522165
0.16875018
0.2556831
0.3385698
0.25352773
0.19496483
0.50798064
0.40829003
0.35530457
0.39986277
0.53324693
0.4754065
0.3151333
0.36286196
0.17009008
0.47593436
0.46009526
0.09691116
0.5757815
0.32922867
0.42274043
0.4422897
0.4614431
0.4121326
0.43668604
0.29596946
0.3559254
0.2358247
0.26413625
0.45528826
0.2095073
0.41121233
0.46044132
0.39780045
0.4830855
0.46395478
0.48780933
0.4638188
0.3693436
0.4701362
0.46845365
0.52694637
0.3598188
0.17635576
0.42613745
0.42878985
0.356908
0.27717504
0.3084176
0.2664007
0.49016765
0.435052
0.36262584
0.46185374
0.26123753
0.17482406
0.50334555
0.35339698
0.28715926
0.527006
0.3557274
0.53538626
0.42481962
0.26307032
0.4929674
0.44966426
0.35641146
0.26115438
0.503224
0.30187717
0.24808486
0.27193412
0.5381442
0.37885085
0.25575688
0.22018562
0.12776841
0.37813607
0.50322276
0.3944145
0.46442303
0.24979801
0.33038378
0.22109872
0.28756958
0.35262904
0.4816586
0.49528423
0.50830954
0.42859912
0.61475456
0.50509304
0.4481475
0.28362957
0.5057225
0.58377427
0.11262772
0.3457769
0.27599815
0.408352
0.38312408
0.42924318
0.49902594
0.21361549
0.31714895
0.34639597
0.38579807
0.45731387
0.32613695
0.50108665
0.35068476
0.4327229
0.4576743
0.389606
0.40069643
0.43073106
0.5939312
0.3740116
0.38615206
0.35124913
0.3900356
0.4356552
0.1749899
0.26166412
0.4521686
0.34128025
0.48535398
0.2500946
0.5173037
0.2565431
0.32808658
0.5086156
0.33385286
0.31331956
0.3751028
0.25977746
0.314693
0.37454173
0.427665
0.24262702
0.29911843
0.53563523
0.3905109
0.52883023
0.33614478
0.49766788
0.5722036
0.35136697
0.2744164
0.30135655
0.33747754
0.3890563
0.17557883
0.44970712
0.21432857
0.23457952
0.45997182
0.50196004
0.47363284
0.42797086
0.5007482
0.41297498
0.37963894
0.27972037
0.4242927
0.43786165
0.4515252
0.3844254
0.23002952
0.54919106
0.2066458
0.30736232
0.4954041
0.44557437
0.38528094
0.3303899
0.3677459
0.3512411
0.39496484
0.54158634
0.24822111
0.36511013
0.40953588
0.2656367
0.38930142
0.35442066
0.2601124
0.39257804
0.4310572
0.18935038
0.54649323
0.40055406
0.31157914
0.44592145
0.38141227
0.3685161
0.50043017
0.4703314
0.39946648
0.19107586
0.4493928
0.26088706
0.35692203
0.4739813
0.4230412
0.23031859
0.2588887
0.22060196
0.36031738
0.26676777
0.17516088
0.36543164
0.20179714
0.23747917
0.37623727
0.43353805
0.48405263
0.18082018
0.34978244
0.12626569
0.17791383
0.5173684
0.38984072
0.4054111
0.37668028
0.3241349
0.31495547
0.27632937
0.31521413
0.18935871
0.44459984
0.34611726
0.36604413
0.4818839
0.39536342
0.30800095
0.406675
0.49308607
0.3308082
0.3940496
0.3682041
0.17846884
0.16614796
0.5623619
0.36840343
0.2680766
0.427042
0.42230484
0.3797754
0.36074543
0.11537909
0.4972725
0.5326018
0.41241887
0.37369397
0.46295905
0.30193695
0.26917383
0.42968276
0.5647985
0.5427387
0.44231036
0.37423337
0.10571348
0.32029104
0.3430859
0.33471784
0.46632147
0.44000575
0.504001
0.22302596
0.5140878
0.36236998
0.4171693
0.4503188
0.3133851
0.33544078
0.33251682
0.45747194
0.43033293
0.35267773
0.3470039
0.48039258
0.39161456
0.5462752
0.36907327
0.37330326
0.41696534
0.41432872
0.5667879
0.390963
0.45545006
0.45642078
0.35931587
0.27420783
0.43442562
0.20608503
0.23872052
0.40807712
0.38516232
0.41674027
0.445572
0.15108971
0.50600505
0.4204893
0.33469045
0.36851653
0.45964265
0.5115184
0.19362694
0.24910657
0.5115352
0.31616428
0.42693523
0.4250948
0.465804
0.44149685
0.3981235
0.44262907
0.4083339
0.36142448
0.30301815
0.33718255
0.43338242
0.40409598
0.19064665
0.4012017
0.341226
0.3469808
0.47139654
0.45592245
0.49471042
0.40285587
0.305483
0.34110656
0.45708966
0.43051705
0.5344928
0.37715808
0.09310117
0.40923437
0.39415586
0.49308047
0.19653559
0.39576104
0.40291724
0.40366867
0.2858945
0.49861538
0.4435728
0.42877364
0.38478842
0.12591083
0.41830254
0.28745803
0.29976118
0.3029519
0.43285835
0.5012492
0.39876142
0.23344398
0.1540318
0.3413733
0.58122534
0.323636
0.35056087
0.37358713
0.5580032
0.40412173
0.41230476
0.49269345
0.3270408
0.31617847
0.32513043
0.28497162
0.19812487
0.39341092
0.45543656
0.4611969
0.34098184
0.35667968
0.44582346
0.46693745
0.26932302
0.2949177
0.45762777
0.3898475
0.15053414
0.38155624
0.48589846
0.28863546
0.3398023
0.4566257
0.42340553
0.35651734
0.40932143
0.4381427
0.46148935
0.36339116
0.3751221
0.2690659
0.49846783
0.56927747
0.19493043
0.52431995
0.3386569
0.4063951
0.54088575
0.30583602
0.26096404
0.40640926
0.36406386
0.10209745
0.52812296
0.38919425
0.42817914
0.47709516
0.44228685
0.3176993
0.4583664
0.45719114
0.5612021
0.5158739
0.46881104
0.35498855
0.2634991
0.44277564
0.1659112
0.4354591
0.3834851
0.34483323
0.38531795
0.39635822
0.49351326
0.4825072
0.5216706
0.3541808
0.2966147
0.41887394
0.32322595
0.4636557
0.1240263
0.39316234
0.42397907
0.49977255
0.20540611
0.3206581
0.14633955
0.17799997
0.38192916
0.4205947
0.35867092
0.3830656
0.5186954
0.2834057
0.48907998
0.3444666
0.48105982
0.48473445
0.27701163
0.3540295
0.47062564
0.42463383
0.24468242
0.45488313
0.36640528
0.36915419
0.27451935
0.44359103
0.3344911
0.282531
0.40558013
0.47894344
0.46783364
0.46177837
0.3744124
0.27783057
0.3180781
0.20531893
0.37000605
0.24976583
0.38759497
0.39785358
0.44558272
0.2254091
0.4132222
0.29323575
0.41971827
0.5734041
0.49145865
0.5006862
0.3762217
0.33004007
0.46155643
0.37741756
0.35283938
0.42965642
0.24310721
0.32496908
0.5065916
0.3581605
0.31110993
0.2738267
0.3043736
0.41282144
0.40219164
0.2510223
0.30605736
0.14890468
0.3837625
0.42430243
0.43771806
0.43043837
0.23597895
0.4714714
0.29230037
0.28669265
0.48066267
0.52652884
0.18354774
0.55683726
0.47132087
0.41003647
0.19161874
0.45479596
0.46043745
0.5143705
0.3368589
0.3283219
0.413666
0.11324816
0.5008676
0.271687
0.41909704
0.36197767
0.32361773
0.48307356
0.28796658
0.38430074
0.37188902
0.25080255
0.3074688
0.34419653
0.44108102
0.49092755
0.3127966
0.1930087
0.17353702
0.43207288
0.3520682
0.52604103
0.3346068
0.26969907
0.28434715
0.5116002
0.50619054
0.31666526
0.50501686
0.39950407
0.24329315
0.2542421
0.43909574
0.3341554
0.17415035
0.29807764
0.34201726
0.39817333
0.2836537
0.13043952
0.27452546
0.43626162
0.5222469
0.24763902
0.42013183
0.31056976
0.48332942
0.37080637
0.42700854
0.39872575
0.51887494
0.32238665
0.44057903
0.21651608
0.32386336
0.2148522
0.2778693
0.2747768
0.40130773
0.42461345
0.3068942
0.2562581
0.37665653
0.3598354
0.21207885
0.38046923
0.22355889
0.33442625
0.46404028
0.36168417
0.505551
0.43870375
0.41504312
0.19728322
0.24453028
0.49258307
0.49225196
0.26010826
0.20821969
0.2969073
0.34466842
0.26175684
0.3739203
0.49292246
0.29850048
0.23921151
0.48560718
0.19511576
0.4124452
0.2845969
0.43628952
0.36121675
0.40407982
0.44231138
0.4407334
0.17676573
0.566346
0.24576527
0.25158307
0.39042664
0.4334148
0.36645457
0.44945994
0.39306164
0.44359818
0.33294895
0.42666337
0.26344547
0.43845364
0.1012933
0.3797783
0.46237072
0.46494988
0.4631296
0.32511187
0.29488313
0.4289156
0.34206656
0.38801062
0.2585035
0.4746426
0.42224577
0.44982514
0.47395787
0.3279166
0.35705504
0.44996032
0.4126883
0.42174712
0.4076989
0.31293747
0.49682364
0.20388968
0.42956308
0.35207364
0.23260276
0.3651608
0.50702786
0.26295608
0.27963978
0.5342165
0.56336313
0.44946077
0.468551
0.32215664
0.534732
0.3219337
0.20847811
0.46760628
0.45907915
0.496474
0.23236518
0.30337533
0.20907454
0.3961716
0.52174973
0.39858642
0.49017063
0.19523846
0.42574313
0.5634194
0.5504264
0.61914784
0.3855208
0.3460692
0.46435937
0.45248377
0.3748716
0.18694043
0.2913033
0.2563951
0.48845887
0.5239232
0.49375483
0.33204055
0.3827913
0.46319103
0.25112876
0.58001906
0.46120915
0.43684158
0.28646028
0.33913648
0.44187585
0.2233371
0.4252673
0.25390735
0.46751037
0.34293637
0.5335773
0.44287455
0.48634228
0.44456407
0.44935086
0.34015766
0.36794278
0.4255111
0.4581041
0.4347416
0.43988302
0.3506986
0.50462264
0.25342962
0.5018851
0.38053215
0.5142793
0.34134328
0.5230281
0.24983537
0.28489795
0.5421517
0.36842558
0.3929836
0.47367594
0.44930127
0.4145572
0.37347826
0.45353696
0.4691441
0.42953742
0.29339245
0.3661176
0.46835148
0.42068288
0.27734718
0.50835246
0.42514825
0.2494887
0.43725574
0.40812922
0.44174993
0.56982344
0.3740597
0.4249927
0.14500237
0.4543911
0.41099462
0.48919103
0.47272137
0.20135434
0.48556828
0.18103945
0.3432324
0.34055802
0.35325566
0.43808103
0.52759993
0.22456692
0.5188316
0.18182467
0.098319314
0.46031126
0.4702132
0.32123747
0.506224
0.36496827
0.3346487
0.47174296
0.4815675
0.62169427
0.18535538
0.332016
0.44886014
0.34921214
0.26573622
0.42123827
0.42251286
0.4436808
0.41512695
0.39305303
0.33554506
0.3902206
0.3720982
0.3072329
0.21236336
0.5231572
0.3458947
0.43071887
0.45064363
0.32457554
0.34206185
0.31002364
0.41362986
0.28660902
0.52488154
0.37889096
0.43246675
0.4817294
0.45619294
0.14568062
0.19974816
0.3764316
0.19944553
0.37126946
0.19666332
0.46858963
0.3858299
0.4017001
0.4228082
0.34774497
0.3167691
0.40783048
0.3778843
0.2827641
0.48034763
0.42479017
0.34685874
0.34576425
0.4190165
0.35759202
0.31180167
0.4204543
0.27207008
0.307145
0.42976594
0.1923729
0.3798989
0.40378866
0.3644506
0.18407339
0.25646752
0.43424487
0.4552116
0.48849693
0.4374372
0.45985332
0.35683975
0.111166686
0.43564603
0.25193706
0.29006013
0.41452304
0.32297277
0.4653915
0.44745374
0.4718578
0.31483582
0.38815418
0.46932986
0.567266
0.3305277
0.46524516
0.47385648
0.30850706
0.35762998
0.51085204
0.3416226
0.5660161
0.41642538
0.28040612
0.33000216
0.4961466
0.40775743
0.3874795
0.2957957
0.32495353
0.4048433
0.26085702
0.3757026
0.22843707
0.4456978
0.31512347
0.2186771
0.36614928
0.3790588
0.18536662
0.40082493
0.37787962
0.33711028
0.3863089
0.29811212
0.389302
0.36886644
0.22160979
0.47542703
0.34928903
0.43014362
0.537807
0.45999637
0.35633385
0.1522846
0.44515893
0.28198394
0.3831428
0.33498558
0.41753402
0.47177884
0.49331966
0.15690623
0.29018334
0.55122
0.4906092
0.43884107
0.21204543
0.4081169
0.18275557
0.52012026
0.37440717
0.42370638
0.42074323
0.44038036
0.2289582
0.45672807
0.37154755
0.35706368
0.45466486
0.21337433
0.1915199
0.39555064
0.2747099
0.52834964
0.24994485
0.37734362
0.36460748
0.4134941
0.33013996
0.26067564
0.4166924
0.4766531
0.31569707
0.43435004
0.4651607
0.4571927
0.41152725
0.40834546
0.19257067
0.43873212
0.5422136
0.3361934
0.5140278
0.4099603
0.44814432
0.53576636
0.30432177
0.45268786
0.21649086
0.30524674
0.3287824
0.24341701
0.37354183
0.40670303
0.3655486
0.39125147
0.37208232
0.22890468
0.44313717
0.49583682
0.34401932
0.36770022
0.17984082
0.4279723
0.44838262
0.46262598
0.5181267
0.270237
0.17691834
0.37825283
0.34476033
0.23249686
0.36150828
0.58251125
0.38748184
0.20893471
0.26680467
0.47853863
0.48174337
0.35361135
0.4167336
0.18177699
0.17674194
0.44428924
0.2783031
0.57156295
0.47978076
0.31953397
0.13863485
0.30134562
0.48427805
0.52273726
0.45088354
0.40377164
0.21422143
0.22660775
0.4201996
0.3118352
0.27974188
0.5484424
0.44420922
0.23622756
0.59800714
0.30633652
0.20589906
0.5340862
0.38086835
0.31368467
0.4639376
0.39207253
0.21136272
0.48295525
0.23392867
0.5213346
0.348906
0.19997303
0.35803592
0.48019958
0.51478
0.50295734
0.29726997
0.39755318
0.5788562
0.27959222
0.4897445
0.46234143
0.24256401
0.40902647
0.36979422
0.45182356
0.2525914
0.33763173
0.35198733
0.27975217
0.3631686
0.2386897
0.27479115
0.3980776
0.48290232
0.50618243
0.40464187
0.549476
0.39141878
0.30289322
0.44340193
0.34470502
0.17504461
0.41837075
0.54403883
0.37907776
0.4911736
0.30045995
0.5634759
0.112086274
0.4172729
0.26065877
0.46803758
0.46329483
0.27350995
0.48223916
0.38802373
0.28559566
0.41594005
0.47500464
0.2979842
0.3727627
0.24075963
0.50750095
0.547852
0.34872898
0.53385884
0.22412233
0.32172865
0.482604
0.30701858
0.40229467
0.4983317
0.13036232
0.12329852
0.40321708
0.3745605
0.31903866
0.38771173
0.37729493
0.41762385
0.4160181
0.2860664
0.40270376
0.44755018
0.21399254
0.25739643
0.56527716
0.23247355
0.31030166
0.29410404
0.2407105
0.35110295
0.33529958
0.32126164
0.20582552
0.41630077
0.4507688
0.47156838
0.34921098
0.5187226
0.507882
0.41303864
0.36501732
0.4145261
0.3085666
0.3640583
0.5011756
0.26508713
0.16500376
0.18956383
0.5146802
0.24159499
0.27961752
0.36720777
0.42461953
0.49962056
0.34888658
0.5197938
0.3995805
0.13501456
0.2667088
0.39837658
0.17768376
0.3221359
0.45641354
0.16030633
0.48457995
0.13320924
0.4304328
0.40424255
0.3940096
0.39251056
0.2785486
0.40469444
0.38170388
0.31985894
0.39423442
0.5016003
0.42802033
0.29884192
0.25702438
0.41355896
0.34450662
0.5066677
0.39272353
0.4667747
0.47221315
0.39843085
0.40609312
0.47016004
0.5480439
0.3490374
0.46601334
0.46236214
0.4339812
0.377117
0.14635888
0.52818364
0.39430448
0.541472
0.41641545
0.18341257
0.2723978
0.3214241
0.39347848
0.47217426
0.45624503
0.4529101
0.3148878
0.4067243
0.32354942
0.33281252
0.2831187
0.37631357
0.4294629
0.284273
0.37925637
0.52679914
0.38020778
0.30925366
0.55192614
0.39554277
0.31122696
0.17360826
0.2578852
0.31990755
0.32903525
0.28068206
0.18096252
0.50722194
0.3461311
0.2090472
0.11743798
0.46304002
0.31541216
0.30438033
0.538806
0.21435408
0.22641306
0.23007198
0.17200506
0.3970774
0.34221888
0.28205517
0.46623135
0.21810924
0.42497125
0.38297322
0.26500902
0.49261865
0.40111175
0.41247287
0.2979091
0.45564434
0.4609293
0.46372512
0.56379884
0.14407559
0.35676882
0.34651574
0.18141128
0.43847808
0.32776093
0.33304012
0.39835382
0.39753684
0.33843276
0.33441898
0.38660595
0.23156981
0.4735225
0.43612492
0.46535382
0.42029235
0.32164603
0.38716057
0.4148979
0.36634675
0.41859952
0.24065958
0.42533204
0.4024719
0.5022573
0.5309394
0.33099127
0.28075302
0.3350017
0.3952277
0.384854
0.5230808
0.22177888
0.33252755
0.44840947
0.4616828
0.4110911
0.4183453
0.343775
0.41996312
0.5053517
0.4015366
0.37651384
0.50537395
0.5010706
0.5216628
0.3910791
0.35946333
0.57556254
0.46202812
0.3991289
0.31414312
0.1285508
0.41313887
0.39891866
0.38240945
0.12112469
0.25031367
0.38136306
0.46521318
0.19300266
0.37037754
0.5034725
0.28252017
0.17662287
0.36654833
0.41907588
0.42257556
0.48552266
0.44223157
0.5364327
0.40518412
0.3810028
0.31069317
0.46286282
0.41299796
0.32136407
0.5578075
0.45940077
0.2802714
0.41566297
0.43691817
0.38419124
0.33844414
0.22902274
0.18644021
0.29833382
0.44923925
0.34902227
0.24686934
0.19943345
0.35386595
0.49983892
0.37626982
0.29373804
0.24243248
0.46284842
0.34243202
0.36872044
0.48860493
0.18736748
0.3379916
0.3980807
0.58335036
0.34784794
0.39313772
0.25919625
0.2178505
0.27934638
0.23614757
0.40552238
0.5376921
0.23966785
0.4318564
0.28693935
0.3863623
0.4416989
0.39366364
0.50927716
0.32349876
0.17970294
0.20702101
0.3411318
0.37216723
0.4461883
0.4710361
0.42732313
0.34302545
0.481279
0.25762752
0.3706535
0.36801788
0.24861103
0.22657065
0.3708335
0.45809987
0.3588965
0.14305978
0.368548
0.38850865
0.30741274
0.45460263
0.32843325
0.3510416
0.56371874
0.5086959
0.60149974
0.32616723
0.19992442
0.30225292
0.31689295
0.47168732
0.16966349
0.19909179
0.37301242
0.39585558
0.38055325
0.32597098
0.2985662
0.30403838
0.49885896
0.2902701
0.29239976
0.56062746
0.42235687
0.32265627
0.27264228
0.36079338
0.30877236
0.32713452
0.42835543
0.23625113
0.28621408
0.23822355
0.38680384
0.42233697
0.26905176
0.31444073
0.2883117
0.5123987
0.35131136
0.27746344
0.25826618
0.37506595
0.5586944
0.49683058
0.33539143
0.4522027
0.32718924
0.23913734
0.42969272
0.29702464
0.25205705
0.23706889
0.38166308
0.45073918
0.3561441
0.4886512
0.25137153
0.33101478
0.3438437
0.34943715
0.47229183
0.42005023
0.5737393
0.25269565
0.40000567
0.35139766
0.30072522
0.614805
0.4534503
0.5040789
0.32798517
0.34541288
0.5263488
0.26491293
0.40285814
0.2657705
0.41286922
0.4368815
0.17560025
0.2155088
0.44766903
0.48736176
0.56147176
0.29685494
0.26505566
0.47515097
0.26250193
0.48706952
0.42229494
0.3812382
0.5264686
0.2775996
0.46349165
0.3320261
0.29128078
0.20868473
0.310065
0.5244718
0.26843432
0.4797708
0.39207914
0.5447182
0.36924267
0.29730508
0.23857225
0.41065857
0.45554522
0.46696362
0.3934611
0.4912285
0.35722482
0.3560587
0.3115205
0.25766295
0.38290226
0.41126904
0.4115752
0.29576102
0.12218046
0.3520384
0.4313935
0.41542378
0.46669498
0.40218636
0.49975085
0.36030647
0.43608746
0.18109699
0.1959968
0.49843726
0.27043414
0.38928235
0.13032569
0.3420372
0.3453493
0.45745173
0.5742311
0.47442517
0.23367119
0.3737023
0.4908168
0.28891987
0.33779302
0.50514346
0.30638888
0.22870295
0.555831
0.3177208
0.33011684
0.49798343
0.13603878
0.2634555
0.5258253
0.23041064
0.21054013
0.34905306
0.299278
0.37546515
0.43244827
0.4221791
0.21458153
0.12639658
0.49206743
0.41721952
0.36151376
0.34788942
0.49303436
0.40145302
0.38444126
0.30073786
0.50264955
0.223677
0.2734683
0.3673598
0.28671402
0.23877276
0.20968948
0.22170508
0.2730399
0.46029124
0.37694082
0.40708914
0.17980999
0.46548286
0.41300854
0.4732125
0.5004316
0.37910578
0.49079978
0.44289005
0.374913
0.44847926
0.24255048
0.25401047
0.12525488
0.29780376
0.40829214
0.104996026
0.47525695
0.42196223
0.43735436
0.49283528
0.3504629
0.10986062
0.24057293
0.5400572
0.36305904
0.2718565
0.342039
0.50120944
0.5323192
0.46595907
0.39134982
0.4400252
0.26312658
0.48329416
0.33346805
0.31749967
0.24969585
0.3267383
0.3982253
0.46141016
0.3533547
0.3991481
0.4141445
0.19926071
0.31813076
0.35836577
0.48031673
0.49605218
0.28892133
0.51680595
0.38254294
0.42022336
0.40740713
0.40197316
0.47977617
0.46338567
0.42677328
0.3198482
0.4602704
0.3402833
0.4061356
0.30255225
0.38321057
0.2377612
0.18680173
0.5000779
0.34093758
0.42050302
0.2499791
0.4304805
0.4334598
0.40535054
0.39502898
0.3598779
0.36441875
0.472205
0.19249374
0.38029584
0.28438607
0.51127386
0.45128477
0.44706857
0.43956223
0.43220112
0.39427367
0.32410118
0.35493436
0.432103
0.38748196
0.4064895
0.34575894
0.37007275
0.31966868
0.3918911
0.24991572
0.20312615
0.38482776
0.40626988
0.4256214
0.5103408
0.51476794
0.42252064
0.43828186
0.26356673
0.4980973
0.3020818
0.2638245
0.27907857
0.32463226
0.4586903
0.341879
0.35741523
0.39043924
0.4046404
0.35456872
0.34529448
0.36660334
0.4196907
0.34678254
0.4994556
0.20767917
0.42433417
0.23186357
0.344034
0.48769143
0.27179268
0.28861013
0.42858997
0.39680445
0.29267946
0.43194857
0.46424246
0.5171098
0.42688403
0.3364096
0.38563296
0.48640814
0.33064178
0.43572462
0.5126434
0.2717913
0.22936119
0.3917481
0.33922657
0.26400307
0.39703318
0.34831932
0.4794353
0.4823326
0.43321648
0.50114447
0.18725787
0.2913363
0.29907346
0.42179027
0.54581195
0.4952886
0.4530404
0.32837602
0.41036823
0.22127956
0.26544654
0.18000686
0.44035557
0.49737063
0.35698608
0.5137819
0.40715167
0.43653825
0.5367585
0.13999441
0.5245082
0.44097114
0.31467536
0.3502123
0.47676095
0.42984232
0.4764689
0.460394
0.25532773
0.3898097
0.30767834
0.36910185
0.2218867
0.44226918
0.33393064
0.4047475
0.39855587
0.39826873
0.29355538
0.2561969
0.4489552
0.25911203
0.36627296
0.33136764
0.41170323
0.20794795
0.33287978
0.19211678
0.43204722
0.5558776
0.20329954
0.3938421
0.46790394
0.44632235
0.4043595
0.41305193
0.39176902
0.39973822
0.36162153
0.2936225
0.49561307
0.19116306
0.4025073
0.14117
0.4195151
0.388744
0.23613076
0.3479756
0.37279293
0.39589474
0.33894312
0.40298855
0.4815259
0.5451395
0.5145233
0.44635108
0.3498437
0.240416
0.33976063
0.3112047
0.4060483
0.19467537
0.50030726
0.4640652
0.18609844
0.35173905
0.22894643
0.41605154
0.5353494
0.29098794
0.23861869
0.43911532
0.2104532
0.24314906
0.55249333
0.52315134
0.22492619
0.38832918
0.26596946
0.28189448
0.4900163
0.5215943
0.27493796
0.46141246
0.14287855
0.1987344
0.46995625
0.18026905
0.43135965
0.31075633
0.55085933
0.17334624
0.42727897
0.27856487
0.4671625
0.48494837
0.12619644
0.15414669
0.51004905
0.4376115
0.3804331
0.33781305
0.336942
0.37011525
0.42669448
0.39786455
0.28322247
0.43895236
0.44868878
0.26702425
0.18633182
0.3309098
0.2598169
0.43153512
0.3372294
0.51558596
0.36748746
0.42174813
0.28796217
0.4467629
0.44907627
0.47959283
0.41538927
0.42270526
0.49301824
0.35576162
0.33505738
0.5652014
0.34817538
0.4505616
0.25196528
0.3824869
0.40911707
0.4231099
0.44961223
0.32525072
0.40421793
0.2681348
0.28657964
0.31433234
0.31879696
0.45968023
0.41389632
0.3577344
0.29392987
0.3052878
0.13669816
0.28643918
0.3360437
0.26636347
0.48768023
0.4815022
0.36339238
0.26245168
0.39066872
0.27132475
0.2824236
0.34668925
0.36444056
0.5224145
0.38180193
0.26207778
0.44844612
0.2440448
0.41203836
0.55924964
0.32951173
0.19073671
0.1921364
0.3356168
0.28351727
0.35159156
0.5253703
0.370828
0.1625126
0.3485352
0.20856424
0.51979285
0.47798482
0.27152652
0.3714217
0.48534596
0.43651927
0.39376935
0.39545813
0.43364373
0.38207912
0.39505935
0.2667975
0.3623695
0.17845397
0.4772031
0.5173927
0.49894464
0.14464904
0.5318816
0.38780108
0.3147581
0.28151688
0.370684
0.45128572
0.43430707
0.24141861
0.18692856
0.4281237
0.41220364
0.32869056
0.4099095
0.34303582
0.17105572
0.4718932
0.145165
0.3527726
0.5326814
0.3600208
0.2736386
0.37270233
0.22535609
0.4350008
0.49897686
0.2803686
0.44032994
0.3958813
0.2733582
0.6215136
0.45506454
0.4718081
0.5330987
0.14631945
0.34166956
0.4274063
0.50248295
0.5763898
0.3860551
0.48327944
0.34665594
0.4185693
0.4025354
0.425742
0.32533345
0.35429442
0.3152543
0.20061785
0.40220174
0.28503668
0.4058671
0.5155274
0.091726206
0.33908597
0.22296755
0.37323228
0.2481875
0.31076857
0.4484972
0.24779002
0.30766776
0.3995187
0.40641165
0.39785895
0.2955528
0.4519895
0.5080611
0.32680097
0.4919653
0.4018041
0.25310904
0.46787837
0.23212205
0.4252759
0.44237506
0.4917687
0.40124068
0.32076597
0.47504488
0.20612623
0.5183498
0.2537786
0.5066084
0.2717265
0.3107663
0.33469692
0.4066515
0.19404471
0.4576259
0.5338452
0.4866257
0.3972939
0.34786093
0.4351904
0.41952804
0.26002297
0.33069757
0.2418948
0.4248292
0.5605232
0.3345302
0.20216769
0.5805678
0.37903842
0.37565184
0.41239047
0.4074256
0.3334992
0.47563562
0.1713806
0.3932103
0.2359782
0.41849065
0.4455872
0.551802
0.3024156
0.13982706
0.31002364
0.31669953
0.5019845
0.17528228
0.56560415
0.23861913
0.23702909
0.47730088
0.44049382
0.32169557
0.26287696
0.4551321
0.38723525
0.50734687
0.2907647
0.28191754
0.42220595
0.48837498
0.24773963
0.30372205
0.28919554
0.46658242
0.471342
0.3948979
0.2730436
0.27071625
0.5325797
0.3424116
0.5255818
0.42524198
0.45408654
0.30435735
0.44234642
0.46798405
0.23332785
0.49679092
0.40704527
0.24779393
0.51573855
0.48653367
0.36232695
0.41359636
0.3148111
0.11080051
0.47981748
0.38440326
0.34784696
0.31948406
0.36338165
0.381367
0.3516785
0.29102674
0.4757638
0.45842782
0.21877408
0.40292272
0.3539423
0.44647157
0.23324752
0.51922315
0.531642
0.4116942
0.40377465
0.32195473
0.50193053
0.41217133
0.401276
0.33542228
0.39216545
0.2623761
0.4968376
0.15913735
0.25200135
0.34138092
0.36310613
0.470215
0.06824962
0.2568922
0.3446629
0.25336787
0.25117126
0.3685367
0.3639559
0.33506683
0.31252632
0.2446874
0.1857888
0.12750776
0.20513166
0.28037408
0.19908886
0.40929332
0.17614894
0.3782737
0.34822035
0.3666766
0.33513197
0.43457356
0.35639822
0.18131392
0.31109074
0.19996125
0.2536008
0.44263232
0.5079289
0.45068
0.26617464
0.34221676
0.21867323
0.42760363
0.22694671
0.32624128
0.54855955
0.28060004
0.47336054
0.4756241
0.32040885
0.53935856
0.4210204
0.3546413
0.31940338
0.47499493
0.40882993
0.4675822
0.25411507
0.48677492
0.46657827
0.4921492
0.35990977
0.44555247
0.50876665
0.4973429
0.30282417
0.38890532
0.48440266
0.28207755
0.38194278
0.23685332
0.32736108
0.34995744
0.19714327
0.5627988
0.4925818
0.53532887
0.34837988
0.28646752
0.14652047
0.33147848
0.3815154
0.29082236
0.3410879
0.4369553
0.42483678
0.3348087
0.44358066
0.51163274
0.1367792
0.42253122
0.20599069
0.47426388
0.44029737
0.4917618
0.4900392
0.42580426
0.40385035
0.16815718
0.21225941
0.50305945
0.2894481
0.2488681
0.3487246
0.5085476
0.28457537
0.29538366
0.41714028
0.31668153
0.45233846
0.24964876
0.52118355
0.2778031
0.20820028
0.4641303
0.22464234
0.19404535
0.34390238
0.42130932
0.42617384
0.094505884
0.33154616
0.32452002
0.3218678
0.33147624
0.52364993
0.43729338
0.41563058
0.35059142
0.40222374
0.5000097
0.35059142
0.25406167
0.44220304
0.36024204
0.3728646
0.4650115
0.1290078
0.39123106
0.2078482
0.56831104
0.21946816
0.5043902
0.31874526
0.1727315
0.3030183
0.0784659
0.40857577
0.26213828
0.50334656
0.44432846
0.2657739
0.3798701
0.483667
0.42601594
0.47246087
0.38547623
0.28378332
0.46569967
0.39438638
0.2970344
0.41167426
0.4437535
0.47903726
0.4177041
0.43725386
0.32354054
0.15209663
0.4419723
0.3984958
0.49517706
0.40323928
0.50777
0.12474155
0.2607046
0.3392649
0.37105238
0.41521987
0.24213894
0.39695135
0.5359097
0.38410988
0.4156719
0.45656267
0.2777964
0.45498905
0.48955917
0.24386732
0.43046716
0.3155087
0.32147977
0.22746539
0.4385577
0.382972
0.36067072
0.3729513
0.28502163
0.42075822
0.55317193
0.43542647
0.30947408
0.35640836
0.3880053
0.3774371
0.20227487
0.3646822
0.48419797
0.31701103
0.44274855
0.2446314
0.34810534
0.38393936
0.50926524
0.46484208
0.19014418
0.1386857
0.5225417
0.18642645
0.3117812
0.48261157
0.4121324
0.38853797
0.46529603
0.16190408
0.3916198
0.48052558
0.3349119
0.41886774
0.3996836
0.09116616
0.42208543
0.48072004
0.30781993
0.41692033
0.3096309
0.3957927
0.48908558
0.30505875
0.24287768
0.5112743
0.47056627
0.3288562
0.17901993
0.3376299
0.17754765
0.46432927
0.4625658
0.2886089
0.4733278
0.3867073
0.40941545
0.2166205
0.33489764
0.43065217
0.36145362
0.20485564
0.21135765
0.45224944
0.4820377
0.24991743
0.49181953
0.23897265
0.34126392
0.3735304
0.41461554
0.41546312
0.31772146
0.28585654
0.46638724
0.19503109
0.1706454
0.24291964
0.5447103
0.4566436
0.37636146
0.39331675
0.35649887
0.32258353
0.34542897
0.4050626
0.5673465
0.43684795
0.47241345
0.46632305
0.3655857
0.39991376
0.45497736
0.4163512
0.26005715
0.3165463
0.36222348
0.42328584
0.3814766
0.39966103
0.13952549
0.22310288
0.49914965
0.46841264
0.30126497
0.28554818
0.443424
0.33727133
0.19036435
0.47565508
0.44768998
0.27161607
0.21564458
0.47320476
0.3984467
0.27294806
0.3180264
0.47650853
0.44181666
0.39245903
0.4067922
0.26779813
0.19902958
0.26351365
0.33464992
0.384905
0.24398698
0.39689198
0.33749333
0.41077542
0.26147535
0.4668025
0.3844184
0.41756144
0.5410817
0.15427579
0.51988983
0.3374318
0.2817837
0.34558773
0.47711575
0.47161737
0.4533199
0.14961913
0.41300836
0.38253534
0.40407458
0.28324148
0.41293433
0.41348612
0.3746867
0.40314206
0.46401206
0.34948993
0.115647666
0.12993257
0.31575617
0.21202171
0.34339216
0.50077957
0.34801874
0.36564365
0.458196
0.44557425
0.3177271
0.4767395
0.20151149
0.31009647
0.27788675
0.4288741
0.5022332
0.46920025
0.26974294
0.41741577
0.2588882
0.40265596
0.13849062
0.48742595
0.41748002
0.3822783
0.36242676
0.47565475
0.21515472
0.3516446
0.49652553
0.33604804
0.3550018
0.18252486
0.44816878
0.43259272
0.5077824
0.27823988
0.23249997
0.16350123
0.5624235
0.37404624
0.53361195
0.30543113
0.25415766
0.26185906
0.34137878
0.23183827
0.43057978
0.18696637
0.22256589
0.4418364
0.45820823
0.46478525
0.3141323
0.62888837
0.18337119
0.36939582
0.4229157
0.18133505
0.5397181
0.27394387
0.46281657
0.29960498
0.29289797
0.37211
0.08506108
0.098083876
0.5056537
0.22183172
0.40881088
0.46628776
0.1612181
0.2820227
0.24407126
0.37664878
0.38238013
0.22165667
0.46454158
0.39304522
0.37213147
0.19955866
0.29013097
0.32474515
0.1677618
0.47350383
0.4055742
0.4524497
0.29698622
0.42022538
0.31938186
0.34458908
0.34779868
0.33080253
0.2885114
0.15672
0.37846398
0.34349558
0.2834324
0.49653736
0.4940362
0.4183639
0.25387278
0.35560906
0.34603977
0.33468994
0.32268035
0.2604979
0.54755735
0.29000327
0.40971366
0.26074636
0.428799
0.4327253
0.45665407
0.4622527
0.46016863
0.30713978
0.20716216
0.30127645
0.48472285
0.36605766
0.31808177
0.2503226
0.40339497
0.22092874
0.2916993
0.5291137
0.30638352
0.3838899
0.43594292
0.4327732
0.24959314
0.1917304
0.17120904
0.46087876
0.47597587
0.28390965
0.2430883
0.2740971
0.48287567
0.4563875
0.46126905
0.15370348
0.41619512
0.39561406
0.4321216
0.3410832
0.29543257
0.34486878
0.46320608
0.13163792
0.37089172
0.4822403
0.28392315
0.46929082
0.19549292
0.5206771
0.3931023
0.3010209
0.3296896
0.29088354
0.44962904
0.49307522
0.43166733
0.4284434
0.3773435
0.48120737
0.31527948
0.32727996
0.2357956
0.36555436
0.37323868
0.2849124
0.2750307
0.39014193
0.4110898
0.5579039
0.43172398
0.42256808
0.33837214
0.34189144
0.4388938
0.4195985
0.41302887
0.27398133
0.20463401
0.21963297
0.55558234
0.41566685
0.41919616
0.5489829
0.37093464
0.49629948
0.46682402
0.41416374
0.30734995
0.45318177
0.51696783
0.3955526
0.19219317
0.42734003
0.5133068
0.25826058
0.4065356
0.32418314
0.21795757
0.42781147
0.51794934
0.47379816
0.2868118
0.40518355
0.34476662
0.53339165
0.48857453
0.44536915
0.23523943
0.25875023
0.5466357
0.3920456
0.27319837
0.4863408
0.32892066
0.44159198
0.4308617
0.32492927
0.15813531
0.41236794
0.43013504
0.22406018
0.3797791
0.37318015
0.2034769
0.21542346
0.3407383
0.23686995
0.36426887
0.4983878
0.3718016
0.33064565
0.45410123
0.37416646
0.42350015
0.36045134
0.41307786
0.38571164
0.2673482
0.21173757
0.31599972
0.4023215
0.458848
0.23902647
0.30203056
0.37447152
0.17804636
0.30571246
0.45942736
0.34411812
0.42791796
0.2648025
0.27430028
0.4096353
0.1421575
0.42376947
0.43045345
0.222812
0.41578445
0.42934927
0.27704337
0.38273907
0.3727944
0.20063765
0.36430153
0.3615284
0.3979257
0.2871311
0.20757931
0.33222827
0.39910316
0.41312364
0.4262866
0.38155305
0.27848598
0.27956334
0.24056304
0.23946087
0.4358181
0.49792743
0.281501
0.27966854
0.38923368
0.15808092
0.19490413
0.4926726
0.5224881
0.39104947
0.41702297
0.41061258
0.5509382
0.20865472
0.31066707
0.40334177
0.24952208
0.36215818
0.31140438
0.26579052
0.20497692
0.3135037
0.3279138
0.38466012
0.41553488
0.29820913
0.2597557
0.43023565
0.38443384
0.32082918
0.37811676
0.25954843
0.3794988
0.45771155
0.50705034
0.36438403
0.26691714
0.43083623
0.47809267
0.5267637
0.47273743
0.18085277
0.5615703
0.48942956
0.3981636
0.4747493
0.32734135
0.26171246
0.22531693
0.56805116
0.5161876
0.08845663
0.21674532
0.40223658
0.32304403
0.4435335
0.44613314
0.3475031
0.37865305
0.38728166
0.46970448
0.39496577
0.6138131
0.45031193
0.44720784
0.24412395
0.51906186
0.40089822
0.38000092
0.49070916
0.48213908
0.36303458
0.21275221
0.4258925
0.43990672
0.51273847
0.306155
0.3977035
0.4518485
0.30384982
0.52446526
0.46029863
0.35634968
0.113324136
0.38850394
0.5053435
0.42023215
0.5076955
0.37200764
0.3642451
0.41330957
0.30581436
0.32562518
0.40984377
0.5195234
0.34713268
0.3604784
0.48505244
0.23817027
0.3385261
0.3606846
0.35113534
0.3926147
0.27364013
0.45047915
0.46124628
0.36964622
0.47945884
0.09605079
0.45512965
0.297969
0.35531828
0.46218705
0.18027888
0.31848636
0.34831142
0.5415105
0.37031397
0.49135566
0.5413709
0.151505
0.5432958
0.3366572
0.43522415
0.4666963
0.5037003
0.13142397
0.15936698
0.46767578
0.3814787
0.3527678
0.3317711
0.28422987
0.5399082
0.31293285
0.4656559
0.1269518
0.47430494
0.2973481
0.43222037
0.36820006
0.2725687
0.41221967
0.37323523
0.30954656
0.49231339
0.3779811
0.4416872
0.47926566
0.38859287
0.45302734
0.4216702
0.5481275
0.3558073
0.23988946
0.32405132
0.2606696
0.2795134
0.3623859
0.31821895
0.31952366
0.36728784
0.3313646
0.3458023
0.5651708
0.41562238
0.27576277
0.37215135
0.27072987
0.19494914
0.13969
0.5755221
0.39276996
0.37745345
0.36151066
0.42690706
0.39809036
0.45831105
0.37737146
0.22022955
0.23817813
0.1389232
0.32662368
0.2922305
0.30814353
0.24363954
0.4595258
0.48003554
0.3252437
0.3989407
0.18848538
0.2909015
0.39070073
0.37336037
0.4163892
0.4263595
0.5252039
0.3610687
0.28412098
0.4212868
0.493528
0.5339257
0.43250895
0.4710159
0.2234811
0.37735322
0.54278594
0.49468648
0.44048634
0.4576826
0.51546395
0.31319198
0.18441026
0.37334904
0.4463091
0.41273978
0.26129237
0.39131126
0.39747787
0.41911325
0.32485077
0.46857297
0.41431883
0.39422622
0.3141817
0.3950788
0.28024727
0.50562525
0.2703079
0.58497673
0.52824396
0.3646622
0.34932825
0.575098
0.47988495
0.28234363
0.39680743
0.12397464
0.44483295
0.37784564
0.45981276
0.075507075
0.40779865
0.29682955
0.32806548
0.39422002
0.16129094
0.31611153
0.29928735
0.3800144
0.5199066
0.12730223
0.24869503
0.49578977
0.3220733
0.4836388
0.1705585
0.3666563
0.29112685
0.45988962
0.461243
0.34463385
0.5478704
0.43817553
0.23684716
0.3084589
0.32166326
0.4033772
0.26038125
0.41179702
0.36521876
0.5263141
0.42965412
0.4638147
0.24976774
0.2802718
0.5607335
0.4406605
0.41606602
0.44476017
0.5526371
0.41455448
0.1987104
0.4647076
0.38699445
0.4552212
0.29082096
0.23837684
0.53033537
0.5211892
0.41994724
0.38978586
0.29678908
0.2578442
0.48967457
0.22476713
0.5677305
0.41469857
0.22092398
0.31984898
0.4295199
0.27278078
0.28336537
0.43233868
0.22182117
0.4666525
0.30592117
0.47683334
0.4337326
0.30191898
0.46134403
0.31590542
0.31042144
0.49225584
0.22718884
0.29297188
0.45005155
0.39040744
0.3264484
0.31607768
0.201909
0.21204288
0.47219363
0.39073893
0.3420818
0.46339226
0.25401583
0.2490349
0.41412345
0.26792103
0.420082
0.3963004
0.3281041
0.34304824
0.2073688
0.40652058
0.34294966
0.3746784
0.29268247
0.4626069
0.3419505
0.46644986
0.58231133
0.279675
0.4437959
0.47998524
0.32949665
0.17439449
0.17964405
0.31417537
0.22226532
0.55966574
0.29410592
0.29668936
0.2828184
0.4007053
0.34422496
0.2781378
0.34849334
0.43308762
0.3621846
0.55457217
0.1718335
0.13602239
0.2686248
0.3220738
0.4501183
0.35436174
0.47104976
0.4615068
0.4525369
0.29251152
0.46617797
0.2688472
0.36605862
0.38756752
0.44809926
0.37667546
0.28209147
0.4578391
0.18136644
0.5220048
0.26435927
0.34188
0.26537713
0.47334418
0.47606838
0.22484784
0.39136747
0.5345673
0.46289453
0.23108034
0.20502876
0.58084464
0.48442698
0.5044076
0.49589792
0.30971655
0.10184121
0.40645632
0.526899
0.3674141
0.44903627
0.29813072
0.3308893
0.33305153
0.45026383
0.35199475
0.42001596
0.4681511
0.5109188
0.3077956
0.43238166
0.5068601
0.21329397
0.29601386
0.5541517
0.45919085
0.40047017
0.27494502
0.22375111
0.32748756
0.252704
0.4381665
0.47613725
0.51518077
0.35997388
0.28809956
0.33268037
0.32338002
0.52212006
0.32993916
0.3699572
0.19466698
0.28043422
0.37399563
0.34755397
0.14946972
0.3501784
0.36230394
0.3711121
0.40264496
0.27633673
0.25807288
0.5354874
0.3631432
0.54992235
0.18863277
0.4436009
0.55054766
0.44572568
0.45619354
0.40131894
0.20556648
0.44235098
0.37328327
0.44178018
0.44935405
0.2635274
0.45360383
0.3266519
0.4308131
0.4217256
0.40275756
0.4514602
0.2597101
0.28454366
0.40236393
0.29490128
0.44790044
0.35366145
0.32664517
0.35231504
0.40473732
0.14190207
0.38065025
0.22507514
0.5675913
0.26156804
0.32028255
0.43016946
0.11389805
0.52109534
0.4986727
0.17215389
0.48585796
0.36105075
0.5248657
0.26573786
0.25149855
0.5093247
0.31394595
0.45567182
0.44411215
0.4699351
0.42680392
0.45344302
0.56435364
0.27866957
0.39704266
0.46559128
0.463228
0.34567794
0.33685222
0.34746554
0.40949246
0.1346418
0.24542725
0.44271752
0.3746582
0.40498424
0.2697505
0.43651375
0.20134811
0.1899627
0.37863588
0.37583724
0.31728724
0.26930413
0.43549433
0.11251899
0.22662081
0.15572442
0.46132013
0.44486794
0.24518336
0.3880826
0.53153664
0.21820958
0.42917967
0.2631966
0.43851724
0.36346304
0.4873527
0.50800973
0.1869998
0.33974516
0.37395418
0.37066814
0.43433663
0.36435875
0.14571404
0.3388398
0.21203983
0.08277882
0.3620626
0.3886856
0.47102043
0.46355549
0.49623963
0.42043412
0.41544616
0.40763846
0.40360805
0.33770967
0.22414796
0.34924984
0.33059856
0.45715746
0.4763461
0.38422894
0.2987956
0.37685144
0.34258446
0.5664504
0.50438493
0.4264165
0.2542739
0.56852394
0.35629186
0.22747205
0.51514703
0.21364228
0.4035686
0.3404261
0.47318152
0.29534298
0.53153586
0.44362834
0.4555415
0.47152424
0.53324777
0.34110788
0.20125763
0.48893085
0.37769547
0.41349483
0.25683776
0.40465346
0.13992228
0.5773194
0.36052582
0.22075255
0.23148727
0.40940478
0.23459725
0.19408308
0.24316925
0.3800536
0.45670676
0.3593137
0.45154545
0.22504997
0.177198
0.45513463
0.26598644
0.40704605
0.49506125
0.35133228
0.3672359
0.4802934
0.39829946
0.4292715
0.43662605
0.46603975
0.36089623
0.39823303
0.475005
0.4986291
0.5126479
0.20486434
0.22134621
0.6280822
0.17677379
0.41657522
0.49888527
0.35398164
0.26506948
0.4178408
0.44560042
0.3951945
0.38767496
0.37176517
0.48463845
0.24244522
0.17983307
0.18526839
0.15071003
0.34050116
0.37049493
0.42286515
0.27219856
0.3644512
0.40429997
0.35137793
0.47737798
0.19741486
0.32958576
0.4757568
0.37948945
0.27117428
0.44497097
0.2655197
0.19406974
0.22782512
0.36356923
0.27622208
0.4496255
0.37399378
0.21026857
0.5510492
0.295624
0.49510908
0.5221944
0.38930878
0.110784955
0.55663973
0.5158389
0.35042784
0.38534686
0.41195306
0.51311356
0.40537223
0.29365858
0.32361475
0.36852214
0.47996712
0.076173015
0.42081976
0.43975344
0.3756977
0.48736835
0.521842
0.4054079
0.45131132
0.37114286
0.316561
0.22353853
0.5482071
0.4708883
0.44003704
0.39485005
0.49637404
0.39482775
0.26174793
0.52342767
0.5326993
0.28826278
0.43737856
0.22654377
0.2447018
0.41297498
0.49831918
0.4581534
0.19795215
0.43901846
0.4795173
0.3856584
0.5300817
0.37151828
0.2619013
0.5098817
0.27748373
0.34709498
0.43569127
0.51278794
0.28388876
0.27419195
0.35959068
0.2054344
0.61275643
0.4606746
0.39994824
0.27733833
0.2915646
0.30048257
0.34130907
0.44729438
0.53746986
0.13598605
0.47594836
0.27533272
0.37634674
0.34409833
0.3256226
0.48396707
0.47310567
0.4554517
0.3383353
0.37268972
0.45497152
0.42133227
0.50551564
0.38834047
0.42727458
0.35253358
0.2382267
0.54754496
0.36672235
0.4520704
0.37811804
0.45387617
0.38995072
0.39277625
0.52725965
0.45366287
0.51301944
0.34280887
0.5179835
0.27670386
0.3916328
0.32848367
0.36915016
0.38100874
0.4088302
0.25217995
0.29511818
0.485911
0.23321636
0.456764
0.4116348
0.23025055
0.48320305
0.18703216
0.44184682
0.46801814
0.48078457
0.37057737
0.40518725
0.4045094
0.4620167
0.43122223
0.42777577
0.45665815
0.35465744
0.48307657
0.42128047
0.33461058
0.29678518
0.36833608
0.31444833
0.27427888
0.22275299
0.4280119
0.4275372
0.5375863
0.24980684
0.52763563
0.2561346
0.2125312
0.2919529
0.1600032
0.35087514
0.44127014
0.12115351
0.27662382
0.32828507
0.4008243
0.50029874
0.40280843
0.612565
0.5013578
0.4563162
0.12269481
0.46634007
0.36099672
0.3436559
0.20075966
0.29707766
0.46410593
0.4250965
0.15754367
0.45096388
0.265864
0.330546
0.5464861
0.2839304
0.50258714
0.53323483
0.4611077
0.4943948
0.2622849
0.39425468
0.49710098
0.3594719
0.44692704
0.39950085
0.4613286
0.2877861
0.38535702
0.45688263
0.4534398
0.4248477
0.42092213
0.34984398
0.53609234
0.5707392
0.15117452
0.5125782
0.3066732
0.47528386
0.18628506
0.4244115
0.35053563
0.24279825
0.25489864
0.32919636
0.48043382
0.2520913
0.19575708
0.24496035
0.28848174
0.22088222
0.31406897
0.43445483
0.29036948
0.2555897
0.25866234
0.2813995
0.36706388
0.44986662
0.36907914
0.5362837
0.31342414
0.5419547
0.31138876
0.15027046
0.49040866
0.44870898
0.4485515
0.41873303
0.38501593
0.42262122
0.31634995
0.45663747
0.17104395
0.50056934
0.29655623
0.40620708
0.46159723
0.09765945
0.5337636
0.18419729
0.46248186
0.33906627
0.27592877
0.37774777
0.4600689
0.28993937
0.45303932
0.42360362
0.4172097
0.44473925
0.4418603
0.46355414
0.44817206
0.5361492
0.25431558
0.48368764
0.25954175
0.33636025
0.29416406
0.27232173
0.5110299
0.15963905
0.2981231
0.3265759
0.43271926
0.16498335
0.1768635
0.36234596
0.4154625
0.46264234
0.5118893
0.16606198
0.4472003
0.3120409
0.37301597
0.25040647
0.2855696
0.43406284
0.3093946
0.24675016
0.29413655
0.2794771
0.46380937
0.21858454
0.5410499
0.3030835
0.38614452
0.41275775
0.368296
0.26679966
0.24784218
0.43436563
0.24045706
0.27011287
0.36939624
0.24658835
0.40036035
0.2150907
0.43826678
0.38288793
0.37386826
0.19652645
0.48976254
0.32641762
0.22469044
0.41926968
0.31677905
0.12052002
0.26198
0.19367434
0.35912934
0.39733496
0.21184953
0.4480491
0.35249564
0.42941213
0.23018105
0.22926413
0.28074577
0.33942834
0.4700018
0.5151252
0.43873382
0.29451814
0.48932686
0.17351282
0.4382144
0.53788483
0.33665082
0.3451619
0.49520338
0.3543614
0.3865269
0.36110285
0.50799817
0.39741278
0.43072596
0.3975893
0.39334676
0.4831635
0.40789267
0.6044142
0.4855636
0.44205937
0.27439323
0.45928764
0.40919828
0.20965333
0.5355676
0.37482128
0.5165774
0.4307997
0.19566466
0.35746846
0.48064005
0.305656
0.44386014
0.33665106
0.43513453
0.52365154
0.44848478
0.2916925
0.26201713
0.3255235
0.39960745
0.5582314
0.4790423
0.39700592
0.13153274
0.4693421
0.14719166
0.53533155
0.48556808
0.36842695
0.3816514
0.39101577
0.3486251
0.42409173
0.44623733
0.3685737
0.33808827
0.4839035
0.4264089
0.4015731
0.45969462
0.3804876
0.45735323
0.44677928
0.14543992
0.31634066
0.3018643
0.24910001
0.20666228
0.556186
0.49136004
0.4071332
0.25963318
0.481994
0.43609336
0.40103033
0.41183186
0.3377258
0.25840348
0.4342452
0.27762768
0.3623997
0.42350495
0.25161916
0.31115207
0.29759702
0.36285266
0.3373929
0.46147633
0.59356564
0.37766412
0.28837726
0.36310646
0.42372742
0.3348247
0.38001132
0.23746832
0.41337308
0.27919587
0.35978174
0.40807995
0.28722095
0.30186215
0.43590668
0.34367296
0.26058972
0.4162325
0.44469586
0.49445304
0.3237731
0.573947
0.4925405
0.42353094
0.4320371
0.26892102
0.4237884
0.47106385
0.37924644
0.2936339
0.31649244
0.36228493
0.4338181
0.4779028
0.41027817
0.2820752
0.3795929
0.36357173
0.47954264
0.44979778
0.36326277
0.39132845
0.39090553
0.1746475
0.4886215
0.11221224
0.39908648
0.49001655
0.18966089
0.24582876
0.46392336
0.3510313
0.44613782
0.22230254
0.16771162
0.37779555
0.34666964
0.2606799
0.5543495
0.44642857
0.38919735
0.44009304
0.26284364
0.36080065
0.41489825
0.29149595
0.43375993
0.35885978
0.43197253
0.4195201
0.2548003
0.23027909
0.47331813
0.3952922
0.3708487
0.2565598
0.27544212
0.26139876
0.33187392
0.29731047
0.12463502
0.42731968
0.30969524
0.43318105
0.48832336
0.36440834
0.4919909
0.43164524
0.38625
0.49553147
0.37630662
0.346145
0.28672752
0.36539912
0.33306035
0.3898052
0.34517205
0.24465622
0.2469499
0.45982143
0.3976921
0.4616548
0.50725365
0.5044548
0.17186894
0.49624023
0.43592346
0.43730307
0.32288182
0.457431
0.1863728
0.28393778
0.27490988
0.36704502
0.40484145
0.3418695
0.2846781
0.37277326
0.42973256
0.29807302
0.3709018
0.27550125
0.16166258
0.35621735
0.37854627
0.48989454
0.43029222
0.16136298
0.51513606
0.19159742
0.32634395
0.49973297
0.35814884
0.2189927
0.32167566
0.3342973
0.2179516
0.45737794
0.32790115
0.46532282
0.41299295
0.39879668
0.5276485
0.37778863
0.47987142
0.17483443
0.5023596
0.43896952
0.40222108
0.28270805
0.34249616
0.21609683
0.41635552
0.36449313
0.3558725
0.1859556
0.33745143
0.42233375
0.2876555
0.24650143
0.4935255
0.42426744
0.14345641
0.33575568
0.5370342
0.35155988
0.32476044
0.3652779
0.26997793
0.44654608
0.21842408
0.44406423
0.46611777
0.4442595
0.25721642
0.29259863
0.548309
0.46446502
0.4144555
0.43862462
0.37151435
0.3815122
0.3975211
0.4477502
0.29943454
0.37026584
0.3494399
0.28719062
0.44571027
0.2703942
0.34626743
0.4483156
0.23114519
0.3784851
0.3876798
0.27674448
0.24678497
0.318518
0.23759575
0.5044095
0.259595
0.57426643
0.4766785
0.40564594
0.30897245
0.44682837
0.4080765
0.48490652
0.44431433
0.30630198
0.4557847
0.108011305
0.46484384
0.34608158
0.21043539
0.3747337
0.38678178
0.4096563
0.12122261
0.3631195
0.17860465
0.25003055
0.36927477
0.36204174
0.3855714
0.27824366
0.3531134
0.32156762
0.47345433
0.46040764
0.35448694
0.38859987
0.39178357
0.3570441
0.5136288
0.4215339
0.31493816
0.35373354
0.29435703
0.35118493
0.3836206
0.39975008
0.3776512
0.27283028
0.4357946
0.51369977
0.3003717
0.3989693
0.21987782
0.0948306
0.46486315
0.45942998
0.13015787
0.2631
0.4124515
0.3904949
0.36589742
0.45396385
0.37373495
0.5377798
0.2080977
0.3661654
0.4645888
0.51896656
0.4637842
0.47600004
0.35763797
0.45219254
0.28995404
0.43658295
0.4867263
0.18161656
0.47308612
0.33106482
0.2303375
0.47986248
0.1681258
0.20445324
0.3437955
0.5089938
0.43116817
0.3357421
0.3364544
0.39508486
0.28341094
0.41248873
0.24038343
0.38107467
0.25082552
0.26211622
0.26216778
0.4359714
0.49450174
0.5457204
0.4509767
0.44909796
0.39021146
0.19883811
0.17415565
0.48791185
0.48899662
0.29633296
0.3974874
0.4805419
0.17018493
0.4234953
0.25367245
0.43113604
0.4289389
0.29745057
0.36187172
0.44364038
0.40709236
0.35000026
0.48218524
0.2316445
0.3874795
0.30391553
0.37882832
0.32094255
0.15004109
0.29143357
0.39359426
0.5016334
0.32556006
0.34863818
0.3860257
0.35262093
0.21872449
0.41403952
0.20930995
0.27828726
0.42209378
0.3841447
0.142707
0.22694428
0.35042134
0.40118065
0.36004892
0.35130176
0.3182549
0.334783
0.4870238
0.13336347
0.43884954
0.118871965
0.54785025
0.35814992
0.428648
0.33135858
0.40622985
0.4822135
0.44025016
0.49865314
0.45882344
0.156348
0.37927225
0.48442674
0.41500998
0.30194744
0.28373358
0.2007
0.2455331
0.46370053
0.1618044
0.46203974
0.24325074
0.371478
0.2368065
0.39046654
0.32575393
0.28809288
0.36417475
0.25727123
0.40631947
0.29653415
0.27279416
0.42489243
0.24094339
0.26763192
0.3693023
0.54129976
0.36327896
0.3520006
0.46875712
0.4135944
0.1874662
0.5473112
0.60187465
0.42440677
0.2578458
0.28925154
0.4095377
0.32448068
0.40315858
0.42248175
0.4697188
0.500966
0.41641852
0.45061788
0.5079521
0.5329411
0.5063547
0.45766973
0.18402839
0.3839592
0.3504332
0.33535197
0.30958006
0.49675855
0.18479508
0.3150405
0.14270063
0.39536443
0.5172805
0.44513336
0.47645894
0.2059385
0.56091243
0.39851698
0.32497784
0.40983358
0.4201579
0.24540544
0.41776446
0.51168287
0.43453753
0.4521717
0.45596936
0.32496133
0.4114753
0.39105824
0.33942947
0.51636076
0.27545294
0.3731238
0.24420734
0.4247706
0.53309107
0.45693377
0.33974496
0.37284383
0.42171058
0.2624878
0.19878013
0.25990143
0.44975427
0.33285967
0.122094534
0.27879903
0.46343455
0.24683757
0.21779172
0.3585306
0.42558053
0.29625347
0.4288422
0.32017758
0.23760276
0.36549053
0.4398395
0.4455029
0.27168918
0.36862266
0.17748256
0.45884588
0.44581938
0.30548885
0.32878128
0.5055401
0.49730238
0.3115196
0.29341543
0.16792178
0.37479928
0.35886934
0.29622886
0.5113482
0.34826007
0.3760334
0.30932984
0.30203977
0.4483402
0.33685336
0.45875227
0.3285704
0.4998277
0.43052042
0.30786788
0.23824644
0.36855164
0.28169975
0.3894017
0.1948119
0.540807
0.43234468
0.38451275
0.4372834
0.54759026
0.5163757
0.34632912
0.29246113
0.31406894
0.26839384
0.40656486
0.45579687
0.20750235
0.4660884
0.40845194
0.35994864
0.36559975
0.39660355
0.34874418
0.37925124
0.4603161
0.25050676
0.13663928
0.45341253
0.20113945
0.39195684
0.47015873
0.37710837
0.2995039
0.37388322
0.31588802
0.20868571
0.5052292
0.4093438
0.3530456
0.5046737
0.3964626
0.14802818
0.31629956
0.4867125
0.24888593
0.30151674
0.526765
0.264163
0.45044002
0.224055
0.2539877
0.32657948
0.42083362
0.43907234
0.20032193
0.4102385
0.4105593
0.47648016
0.440896
0.2858396
0.14202274
0.22068413
0.3986604
0.35330757
0.3407261
0.35126078
0.5026507
0.32553115
0.27181783
0.55066043
0.33422378
0.50186104
0.2711259
0.43732563
0.42548707
0.5018167
0.4961141
0.4417387
0.35016122
0.28129867
0.49205303
0.38301715
0.3210571
0.22122328
0.25183398
0.3557577
0.47679934
0.35221836
0.431728
0.3394678
0.3317491
0.29780245
0.25132442
0.2853208
0.35836282
0.33830133
0.3665018
0.4038447
0.23386282
0.3423439
0.3776401
0.5084924
0.4592298
0.5193889
0.37124738
0.49925876
0.36154822
0.42760456
0.3113115
0.3988726
0.49101445
0.28739083
0.44869518
0.4529704
0.16949786
0.42784572
0.2869358
0.44586918
0.4217873
0.29698715
0.39950514
0.3265836
0.41216454
0.38132873
0.20962186
0.13171478
0.15066834
0.5042355
0.47703436
0.30796945
0.3268721
0.27371505
0.3756316
0.42490673
0.23368366
0.42539656
0.41974914
0.36055946
0.24306314
0.3646244
0.2973682
0.464313
0.3445302
0.3518548
0.52852166
0.5115354
0.37723646
0.5676578
0.42667267
0.4790728
0.48611167
0.27347884
0.38839898
0.42441037
0.39531198
0.3465736
0.455268
0.48602155
0.30675396
0.45128715
0.3735064
0.32656756
0.2633759
0.20922887
0.5117016
0.48517415
0.19100328
0.228809
0.4646337
0.36496112
0.38515624
0.38209155
0.39880648
0.25726956
0.34758392
0.32155314
0.44114396
0.56381506
0.37376425
0.30481955
0.3789053
0.3030312
0.2623082
0.58836323
0.46643662
0.3235958
0.27953538
0.22864968
0.36664104
0.41412166
0.4061947
0.380174
0.3626552
0.15439934
0.21538715
0.5093112
0.46575317
0.59819776
0.56786823
0.37696075
0.39505503
0.421281
0.43417263
0.3787876
0.57926387
0.14642574
0.2469999
0.53485864
0.46463475
0.2635539
0.2543641
0.29211512
0.3955544
0.4447455
0.270013
0.4597313
0.29895726
0.44277108
0.4679234
0.37430584
0.53191656
0.11171818
0.28658804
0.32296404
0.4080461
0.40089467
0.41113284
0.511987
0.4900963
0.5234046
0.44974244
0.35873723
0.4964544
0.35986063
0.50786835
0.33715966
0.35053253
0.39363924
0.49857998
0.2663766
0.34403166
0.31127188
0.33386588
0.52522975
0.40483463
0.3352418
0.38757205
0.47560588
0.3551409
0.4004109
0.451704
0.49136862
0.31899467
0.34955248
0.43257713
0.32432365
0.3319678
0.3930196
0.38677642
0.27590612
0.43236503
0.44508722
0.450724
0.34679174
0.40879297
0.3505338
0.173046
0.47546303
0.41073442
0.18498434
0.38292134
0.44330478
0.1304618
0.17718364
0.27996793
0.29881087
0.38524795
0.25086614
0.4339269
0.3506123
0.22389454
0.41890323
0.3667328
0.3251232
0.47973847
0.44649544
0.4629035
0.44391558
0.4531804
0.4907045
0.22613287
0.47725368
0.38157776
0.40506288
0.4341154
0.33361432
0.46440935
0.36634824
0.38990238
0.36621025
0.34131372
0.18723963
0.49615598
0.17976232
0.43141976
0.44634357
0.44865158
0.3591107
0.33232412
0.32062218
0.37547645
0.20867431
0.5112129
0.23550288
0.30401275
0.2937803
0.26434824
0.33982646
0.46021533
0.5568447
0.39164838
0.3798882
0.46454915
0.3974029
0.13463841
0.40690532
0.48048434
0.36198923
0.31499445
0.4510266
0.3858174
0.3640696
0.40536714
0.37714863
0.39782032
0.31184593
0.375106
0.38532507
0.3089973
0.45054507
0.2443618
0.43598697
0.26627782
0.40843096
0.20057291
0.348029
0.12896758
0.29594412
0.2810925
0.3845559
0.43474236
0.22818942
0.33298358
0.30837905
0.36782417
0.32186505
0.4213269
0.21926515
0.58386946
0.10595966
0.4296565
0.35610226
0.16050176
0.30225453
0.19274147
0.31435105
0.49033606
0.37223324
0.3209107
0.14505967
0.3320087
0.250128
0.30811653
0.44074348
0.43820944
0.4108907
0.28792086
0.41000557
0.5236017
0.29308632
0.23102577
0.29013482
0.463918
0.41793713
0.48652068
0.45740804
0.39875302
0.44580445
0.3642285
0.28944182
0.36445126
0.29094782
0.5126034
0.5862135
0.21967256
0.4406376
0.33743945
0.37973967
0.3785169
0.36161676
0.5119371
0.32929364
0.33770576
0.4994793
0.1832813
0.40771785
0.19782965
0.42693397
0.47993067
0.40745082
0.44968876
0.38191316
0.2909248
0.2938665
0.31937882
0.31004485
0.49961725
0.4283928
0.5186767
0.36026248
0.46411407
0.39696744
0.2397177
0.3460987
0.3682436
0.2710947
0.24291404
0.24876165
0.14873615
0.17833938
0.41055062
0.33581987
0.43856052
0.38727787
0.24112041
0.17383514
0.23098816
0.56774426
0.34357285
0.43563715
0.37950382
0.39362788
0.32565138
0.43272933
0.21713085
0.20799375
0.47933927
0.49589336
0.5084072
0.45524386
0.45510468
0.48623803
0.47331557
0.2827785
0.29375753
0.43880567
0.5252261
0.4169209
0.38246748
0.2293756
0.24782826
0.43312573
0.4709064
0.4118881
0.4517479
0.40244338
0.4012188
0.27206
0.44998503
0.43491173
0.51376104
0.45389065
0.41313383
0.33709717
0.51835316
0.5680843
0.2763666
0.43732563
0.25520697
0.41728774
0.37112495
0.5142271
0.5386898
0.32755104
0.4225024
0.3140572
0.5912323
0.37636662
0.36808792
0.30907652
0.5636386
0.2964423
0.5045041
0.5101413
0.45469317
0.25864372
0.18937404
0.48424497
0.46103325
0.4674796
0.32676193
0.21107668
0.38339964
0.5116792
0.4379185
0.435202
0.4412402
0.23085912
0.42955872
0.3829136
0.34220377
0.2300579
0.40654817
0.46104965
0.37629923
0.5018621
0.41988778
0.48479715
0.4876953
0.45933875
0.41175473
0.25228518
0.48761067
0.307706
0.17290117
0.43957794
0.33958712
0.33770838
0.20067142
0.503592
0.31616426
0.44731987
0.318078
0.36721507
0.2629039
0.38593507
0.17643382
0.35554862
0.15583195
0.36710927
0.513596
0.35344014
0.43460402
0.18930773
0.5089044
0.16732602
0.535784
0.4750165
0.4192544
0.347859
0.5122023
0.4453435
0.51727825
0.58542037
0.22691868
0.20746046
0.49812272
0.44217107
0.3082355
0.3370297
0.46781325
0.34888467
0.44708493
0.5170946
0.53649235
0.46774682
0.5102836
0.2881786
0.32086095
0.2328368
0.31748763
0.3632575
0.28578222
0.41018978
0.47214898
0.218724
0.231705
0.3331569
0.29153773
0.22950678
0.26913878
0.28438577
0.5046298
0.30985394
0.4573824
0.23409088
0.42753318
0.309415
0.2756599
0.54759485
0.2812095
0.4477346
0.31159365
0.46055472
0.4973023
0.2464819
0.5189185
0.36537755
0.34310195
0.17036527
0.35510826
0.12702005
0.322736
0.39810625
0.36412176
0.38923275
0.45395982
0.43089524
0.32388842
0.38787827
0.46549162
0.42352602
0.29065156
0.4513074
0.4443387
0.6034319
0.29367745
0.21023864
0.3408465
0.45118797
0.2974289
0.2761779
0.51281387
0.46188268
0.37371495
0.3473215
0.5165245
0.32145116
0.14147843
0.24807979
0.46381494
0.4287621
0.3749303
0.3942376
0.4597275
0.41729507
0.5314465
0.3146832
0.48689303
0.517947
0.41609266
0.43800855
0.25726238
0.47672853
0.18106788
0.2895343
0.4193666
0.3901101
0.24700098
0.4426587
0.43265533
0.5507226
0.32971752
0.26930746
0.34565106
0.41725203
0.44209492
0.58320904
0.4556996
0.5198038
0.24528973
0.33384648
0.42433342
0.24992035
0.26495555
0.50267535
0.5275144
0.42680374
0.40402928
0.26340112
0.48599538
0.42921707
0.3204808
0.4320617
0.37934804
0.42547026
0.3987929
0.24639888
0.42686477
0.5614763
0.5284354
0.15312095
0.47224715
0.4894875
0.24717359
0.33980525
0.3953363
0.50433797
0.22831054
0.18501343
0.5285489
0.27372187
0.4215269
0.16099106
0.5076634
0.37902606
0.381029
0.44504127
0.21428396
0.5006392
0.44282165
0.3506703
0.38808715
0.46178123
0.38768998
0.38267413
0.18113951
0.4808395
0.33763984
0.53840226
0.4730034
0.2509124
0.3764213
0.44764066
0.35954013
0.48175192
0.3733784
0.36139694
0.3794146
0.48195103
0.42894077
0.3086865
0.4081758
0.37481114
0.2478375
0.20775552
0.20937003
0.20642208
0.4727191
0.41404068
0.36151406
0.3030032
0.44539714
0.31315586
0.3478012
0.44189465
0.5488407
0.5157761
0.30809316
0.4507016
0.47137725
0.21325152
0.37065443
0.3226119
0.4306949
0.3831234
0.4387658
0.3378999
0.18736732
0.30740103
0.51562226
0.4468989
0.43307897
0.2778913
0.3445958
0.22744103
0.34122705
0.5555236
0.2549796
0.47874674
0.3025803
0.41646302
0.524954
0.24357684
0.27748933
0.31627035
0.547569
0.12462058
0.3192254
0.4724156
0.48779342
0.4940208
0.0812348
0.30057478
0.29813895
0.4422845
0.3712561
0.1827743
0.35531828
0.2050368
0.48004022
0.42558193
0.5723046
0.4303498
0.3000071
0.40843073
0.23207939
0.31328246
0.281077
0.34233424
0.3540621
0.18298145
0.38928488
0.49626672
0.31363273
0.46600118
0.32309142
0.37508607
0.4714307
0.4437537
0.3723128
